"Системный код"В"Бренд"В"Модель"В"Название"В"Ш"В"Д"В"Крепеж"В"PCD"В"PCD(двойной)"В"ET"В"Dia"В"Цвет"В"Тип диска"В"Склад"В"Собственная розница"В"IDBRAND"В"IDMODEL"
"186452"В"4GO"В"131"В"4GO 131 7x16 5x110 ET 37 Dia 65,1 (MGMF)"В"7"В"16"В"5"В"110"В"0"В"37"В"65,1"В"MGMF"В"литой"В"1"В"2975"В"210"В"17389"
"186454"В"4GO"В"131"В"4GO 131 7x16 5x114,3 ET 40 Dia 73,1 (MGMF)"В"7"В"16"В"5"В"114,3"В"0"В"40"В"73,1"В"MGMF"В"литой"В"3"В"2955"В"210"В"17389"
"168638"В"4GO"В"228"В"4GO 228 8x18 5x112 ET 40 Dia 73,1 (MBMF)"В"8"В"18"В"5"В"112"В"0"В"40"В"73,1"В"MBMF"В"литой"В"4"В"5025"В"210"В"14433"
"123395"В"4GO"В"228"В"4GO 228 8x18 5x120 ET 20 Dia 72,6 (MBMF)"В"8"В"18"В"5"В"120"В"0"В"20"В"72,6"В"MBMF"В"литой"В"4"В"5075"В"210"В"14433"
"159496"В"4GO"В"26R"В"4GO 26R 6,5x15 5x110 ET 37 Dia 65,1 (GMMF)"В"6,5"В"15"В"5"В"110"В"0"В"37"В"65,1"В"GMMF"В"литой"В"4"В"2560"В"210"В"12005"
"159493"В"4GO"В"26R"В"4GO 26R 6,5x15 5x112 ET 40 Dia 73,1 (MBMF)"В"6,5"В"15"В"5"В"112"В"0"В"40"В"73,1"В"MBMF"В"литой"В"1"В"2560"В"210"В"12005"
"155512"В"4GO"В"26R"В"4GO 26R 7x16 5x114,3 ET 40 Dia 73,1 (MBMF)"В"7"В"16"В"5"В"114,3"В"0"В"40"В"73,1"В"MBMF"В"литой"В"1"В"2955"В"210"В"12005"
"1000201865"В"4GO"В"26R"В"4GO 26R 7x17 5x114,3 ET 45 Dia 73,1 (MBP)"В"7"В"17"В"5"В"114,3"В"0"В"45"В"73,1"В"MBP"В"литой"В"2"В"3645"В"210"В"12005"
"160381"В"4GO"В"485"В"4GO 485 6,5x16 5x100 ET 50 Dia 56,1 (MBMF)"В"6,5"В"16"В"5"В"100"В"0"В"50"В"56,1"В"MBMF"В"литой"В"2"В"2835"В"210"В"12008"
"159505"В"4GO"В"485"В"4GO 485 6,5x16 5x114,3 ET 50 Dia 67,1 (MBMF)"В"6,5"В"16"В"5"В"114,3"В"0"В"50"В"67,1"В"MBMF"В"литой"В"2"В"2835"В"210"В"12008"
"160438"В"4GO"В"485"В"4GO 485 6,5x16 5x114,3 ET 50 Dia 67,1 (GMMF)"В"6,5"В"16"В"5"В"114,3"В"0"В"50"В"67,1"В"GMMF"В"литой"В"1"В"3025"В"210"В"12008"
"123643"В"4GO"В"485"В"4GO 485 6,5x16 5x114,3 ET 42 Dia 73,1 (GMMF)"В"6,5"В"16"В"5"В"114,3"В"0"В"42"В"73,1"В"GMMF"В"литой"В"3"В"2785"В"210"В"12008"
"123644"В"4GO"В"485"В"4GO 485 6,5x16 5x114,3 ET 42 Dia 73,1 (MBMF)"В"6,5"В"16"В"5"В"114,3"В"0"В"42"В"73,1"В"MBMF"В"литой"В"2"В"2835"В"210"В"12008"
"186462"В"4GO"В"485"В"4GO 485 7x17 5x112 ET 45 Dia 73,1 (MGMF)"В"7"В"17"В"5"В"112"В"0"В"45"В"73,1"В"MGMF"В"литой"В"4"В"3525"В"210"В"12008"
"129020"В"4GO"В"511"В"4GO 511 7x16 5x100 ET 45 Dia 67,1 (MB)"В"7"В"16"В"5"В"100"В"0"В"45"В"67,1"В"MB"В"литой"В"2"В"2905"В"210"В"11109"
"133895"В"4GO"В"531"В"4GO 531 7x17 5x100 ET 45 Dia 67,1 (GMMF)"В"7"В"17"В"5"В"100"В"0"В"45"В"67,1"В"GMMF"В"литой"В"3"В"3435"В"210"В"11110"
"155727"В"4GO"В"531"В"4GO 531 7x17 5x100 ET 45 Dia 67,1 (MBMF)"В"7"В"17"В"5"В"100"В"0"В"45"В"67,1"В"MBMF"В"литой"В"2"В"3495"В"210"В"11110"
"186463"В"4GO"В"531"В"4GO 531 7x17 5x100 ET 45 Dia 67,1 (MGMF)"В"7"В"17"В"5"В"100"В"0"В"45"В"67,1"В"MGMF"В"литой"В"4"В"3495"В"210"В"11110"
"186642"В"4GO"В"531"В"4GO 531 7x17 5x114,3 ET 42 Dia 67,1 (MGMF)"В"7"В"17"В"5"В"114,3"В"0"В"42"В"67,1"В"MGMF"В"литой"В"2"В"3495"В"210"В"11110"
"155527"В"4GO"В"531"В"4GO 531 7x17 5x114,3 ET 45 Dia 67,1 (MBMF)"В"7"В"17"В"5"В"114,3"В"0"В"45"В"67,1"В"MBMF"В"литой"В"1"В"3495"В"210"В"11110"
"186466"В"4GO"В"531"В"4GO 531 7x17 5x114,3 ET 54 Dia 67,1 (MGMF)"В"7"В"17"В"5"В"114,3"В"0"В"54"В"67,1"В"MGMF"В"литой"В"3"В"3495"В"210"В"11110"
"159469"В"4GO"В"534"В"4GO 534 5,5x13 4x98 ET 35 Dia 58,6 (BMFB)"В"5,5"В"13"В"4"В"98"В"0"В"35"В"58,6"В"BMFB"В"литой"В"4"В"1750"В"210"В"12010"
"153405"В"4GO"В"534"В"4GO 534 7x16 5x114,3 ET 40 Dia 73,1 (MBMF)"В"7"В"16"В"5"В"114,3"В"0"В"40"В"73,1"В"MBMF"В"литой"В"2"В"2955"В"210"В"12010"
"168732"В"4GO"В"56"В"4GO 56 6,5x16 5x114,3 ET 40 Dia 73,1 (MBMF)"В"6,5"В"16"В"5"В"114,3"В"0"В"40"В"73,1"В"MBMF"В"литой"В"4"В"2975"В"210"В"11111"
"1000203128"В"4GO"В"583"В"4GO 583 5,5x13 4x98 ET 35 Dia 58,6 (BMFR )"В"5,5"В"13"В"4"В"98"В"0"В"35"В"58,6"В"BMFR "В"литой"В"4"В"1750"В"210"В"12012"
"123571"В"4GO"В"583"В"4GO 583 6x14 4x100 ET 40 Dia 67,1 (MBMF)"В"6"В"14"В"4"В"100"В"0"В"40"В"67,1"В"MBMF"В"литой"В"4"В"2010"В"210"В"12012"
"123575"В"4GO"В"583"В"4GO 583 6x14 4x114,3 ET 40 Dia 67,1 (GMMF)"В"6"В"14"В"4"В"114,3"В"0"В"40"В"67,1"В"GMMF"В"литой"В"2"В"2010"В"210"В"12012"
"1000201131"В"4GO"В"583"В"4GO 583 6x14 4x114,3 ET 40 Dia 73 (GMMF)"В"6"В"14"В"4"В"114,3"В"0"В"40"В"73"В"GMMF"В"литой"В"2"В"2075"В"210"В"12012"
"1000201132"В"4GO"В"583"В"4GO 583 6x14 4x114,3 ET 40 Dia 73 (MBMF)"В"6"В"14"В"4"В"114,3"В"0"В"40"В"73"В"MBMF"В"литой"В"4"В"2105"В"210"В"12012"
"123564"В"4GO"В"583"В"4GO 583 6x14 4x98 ET 38 Dia 58,6 (MBMF)"В"6"В"14"В"4"В"98"В"0"В"38"В"58,6"В"MBMF"В"литой"В"4"В"2010"В"210"В"12012"
"155456"В"4GO"В"583"В"4GO 583 7x16 5x110 ET 38 Dia 65,1 (BMFR)"В"7"В"16"В"5"В"110"В"0"В"38"В"65,1"В"BMFR"В"литой"В"4"В"3405"В"210"В"12012"
"160422"В"4GO"В"598"В"4GO 598 6,5x15 5x120 ET 20 Dia 74,1 (silver)"В"6,5"В"15"В"5"В"120"В"0"В"20"В"74,1"В"silver"В"литой"В"2"В"2380"В"210"В"11112"
"1000201860"В"4GO"В"64"В"4GO 64 7x17 5x114,3 ET 55 Dia 67,1 (MBP)"В"7"В"17"В"5"В"114,3"В"0"В"55"В"67,1"В"MBP"В"литой"В"4"В"3645"В"210"В"11113"
"1000203092"В"4GO"В"642"В"4GO 642 7,5x16 6x139,7/110,5 ET 10 Dia 110,5 (MBMFL)"В"7,5"В"16"В"6"В"139,7"В"110,5"В"10"В"110,5"В"MBMFL"В"литой"В"3"В"3350"В"210"В"14431"
"1000203089"В"4GO"В"643"В"4GO 643 7,5x16 6x139,7/110,5 ET 10 Dia 110,5 (BMFL )"В"7,5"В"16"В"6"В"139,7"В"110,5"В"10"В"110,5"В"BMFL "В"литой"В"4"В"3405"В"210"В"12014"
"1000203102"В"4GO"В"662"В"4GO 662 7x15 5x139,7/108,6 ET 10 Dia 108,6 (MBMF)"В"7"В"15"В"5"В"139,7"В"108,6"В"10"В"108,6"В"MBMF"В"литой"В"1"В"2745"В"210"В"14441"
"123493"В"4GO"В"806"В"4GO 806 6x14 4x100 ET 38 Dia 67,1 (GMMF)"В"6"В"14"В"4"В"100"В"0"В"38"В"67,1"В"GMMF"В"литой"В"2"В"2165"В"210"В"11114"
"287104"В"4GO"В"88"В"4GO 88 7x17 5x114,3 ET 50 Dia 67,1 (BP)"В"7"В"17"В"5"В"114,3"В"0"В"50"В"67,1"В"BP"В"литой"В"4"В"3645"В"210"В"11116"
"1000201858"В"4GO"В"88"В"4GO 88 7x17 5x114,3 ET 50 Dia 67,1 (MBP)"В"7"В"17"В"5"В"114,3"В"0"В"50"В"67,1"В"MBP"В"литой"В"4"В"3645"В"210"В"11116"
"1000203053"В"4GO"В"P1011"В"4GO P1011 6,5x16 5x114,3 ET 55 Dia 64,1 (silver)"В"6,5"В"16"В"5"В"114,3"В"0"В"55"В"64,1"В"silver"В"литой"В"4"В"2975"В"210"В"16461"
"186166"В"4GO"В"P5044"В"4GO P5044 6,5x15 5x100 ET 41 Dia 65,1 (silver)"В"6,5"В"15"В"5"В"100"В"0"В"41"В"65,1"В"silver"В"литой"В"4"В"2410"В"210"В"16462"
"1000202351"В"4GO"В"P5047"В"4GO P5047 8x17 6x139,7/106,1 ET 30 Dia 106,1 (MBMF)"В"8"В"17"В"6"В"139,7"В"106,1"В"30"В"106,1"В"MBMF"В"литой"В"4"В"4085"В"210"В"11120"
"1000202352"В"4GO"В"P5047"В"4GO P5047 8x17 6x139,7/106,1 ET 30 Dia 106,1 (SMF)"В"8"В"17"В"6"В"139,7"В"106,1"В"30"В"106,1"В"SMF"В"литой"В"4"В"3750"В"210"В"11120"
"1000202319"В"4GO"В"P5099"В"4GO P5099 7x15 5x139,7/100,1 ET 10 Dia 100,1 (BMF)"В"7"В"15"В"5"В"139,7"В"100,1"В"10"В"100,1"В"BMF"В"литой"В"2"В"2660"В"210"В"12020"
"1000202668"В"4GO"В"P7005"В"4GO P7005 6,5x15 5x100 ET 40 Dia 65,1 (silver)"В"6,5"В"15"В"5"В"100"В"0"В"40"В"65,1"В"silver"В"литой"В"1"В"2125"В"210"В"11121"
"1000201606"В"4GO"В"P7005"В"4GO P7005 6,5x15 5x110 ET 40 Dia 65,1 (silver)"В"6,5"В"15"В"5"В"110"В"0"В"40"В"65,1"В"silver"В"литой"В"3"В"2125"В"210"В"11121"
"39830"В"4GO"В"P8001"В"4GO P8001 7x16 5x114,3 ET 40 Dia 73,1 (silver)"В"7"В"16"В"5"В"114,3"В"0"В"40"В"73,1"В"silver"В"литой"В"4"В"2690"В"210"В"11123"
"168938"В"4GO"В"PST-6"В"4GO PST-6 5,5x14 4x100 ET 38 Dia 67,1 (FS)"В"5,5"В"14"В"4"В"100"В"0"В"38"В"67,1"В"FS"В"литой"В"3"В"1970"В"210"В"12410"
"123543"В"4GO"В"RV540"В"4GO RV540 5,5x13 4x98 ET 35 Dia 58,6 (MBMF)"В"5,5"В"13"В"4"В"98"В"0"В"35"В"58,6"В"MBMF"В"литой"В"4"В"1750"В"210"В"13734"
"1000203105"В"4GO"В"RV559"В"4GO RV559 8x18 5x112 ET 35 Dia 73,1 (RLGMMF )"В"8"В"18"В"5"В"112"В"0"В"35"В"73,1"В"RLGMMF "В"литой"В"4"В"4560"В"210"В"13740"
"1000203932"В"4GO"В"SD110"В"4GO SD110 9x20 5x120 ET 40 Dia 74,1 (MLIPS)"В"9"В"20"В"5"В"120"В"0"В"40"В"74,1"В"MLIPS"В"литой"В"3"В"5930"В"210"В"11127"
"1000203083"В"4GO"В"SD110"В"4GO SD110 9x20 5x130 ET 40 Dia 71,6 (MBML )"В"9"В"20"В"5"В"130"В"0"В"40"В"71,6"В"MBML "В"литой"В"2"В"6355"В"210"В"11127"
"123399"В"4GO"В"SD119"В"4GO SD119 5,5x13 4x98 ET 38 Dia 58,6 (MBMF)"В"5,5"В"13"В"4"В"98"В"0"В"38"В"58,6"В"MBMF"В"литой"В"1"В"1665"В"210"В"11129"
"159449"В"4GO"В"SD119"В"4GO SD119 5,5x13 4x98 ET 38 Dia 58,6 (GM)"В"5,5"В"13"В"4"В"98"В"0"В"38"В"58,6"В"GM"В"литой"В"1"В"1840"В"210"В"11129"
"160458"В"4GO"В"SD119"В"4GO SD119 5,5x13 4x98 ET 38 Dia 58,6 (SMF)"В"5,5"В"13"В"4"В"98"В"0"В"38"В"58,6"В"SMF"В"литой"В"8"В"1665"В"210"В"11129"
"123407"В"4GO"В"SD119"В"4GO SD119 6x14 4x100 ET 38 Dia 67,1 (SMF)"В"6"В"14"В"4"В"100"В"0"В"38"В"67,1"В"SMF"В"литой"В"3"В"1890"В"210"В"11129"
"159108"В"4GO"В"SD119"В"4GO SD119 6,5x15 5x108 ET 45 Dia 63,4 (MBMF)"В"6,5"В"15"В"5"В"108"В"0"В"45"В"63,4"В"MBMF"В"литой"В"1"В"2570"В"210"В"11129"
"159440"В"4GO"В"SD119"В"4GO SD119 6,5x15 5x108 ET 45 Dia 63,4 (GMMF)"В"6,5"В"15"В"5"В"108"В"0"В"45"В"63,4"В"GMMF"В"литой"В"2"В"2480"В"210"В"11129"
"159442"В"4GO"В"SD119"В"4GO SD119 6,5x15 5x114,3 ET 45 Dia 73,1 (MBMF)"В"6,5"В"15"В"5"В"114,3"В"0"В"45"В"73,1"В"MBMF"В"литой"В"3"В"2550"В"210"В"11129"
"123426"В"4GO"В"SD119"В"4GO SD119 6,5x16 5x112 ET 45 Dia 73,1 (GMMF)"В"6,5"В"16"В"5"В"112"В"0"В"45"В"73,1"В"GMMF"В"литой"В"4"В"3475"В"210"В"11129"
"155468"В"4GO"В"SD119"В"4GO SD119 7x17 5x100 ET 55 Dia 73,1 (MBMF)"В"7"В"17"В"5"В"100"В"0"В"55"В"73,1"В"MBMF"В"литой"В"2"В"3495"В"210"В"11129"
"239714"В"4GO"В"SD119"В"4GO SD119 7x17 5x114,3 ET 55 Dia 67,1"В"7"В"17"В"5"В"114,3"В"0"В"55"В"67,1"ВВ"литой"В"3"В"3495"В"210"В"11129"
"133746"В"4GO"В"SD119"В"4GO SD119 7,5x18 5x100 ET 40 Dia 67,1 (SMF)"В"7,5"В"18"В"5"В"100"В"0"В"40"В"67,1"В"SMF"В"литой"В"4"В"3970"В"210"В"11129"
"160481"В"4GO"В"SD119"В"4GO SD119 7,5x18 5x112 ET 38 Dia 73,1 (GMMF)"В"7,5"В"18"В"5"В"112"В"0"В"38"В"73,1"В"GMMF"В"литой"В"4"В"4175"В"210"В"11129"
"1000201176"В"Alessio"В"Action"В"Alessio Action 7,5x16 5x110 ET 38 Dia 65,1"В"7,5"В"16"В"5"В"110"В"0"В"38"В"65,1"ВВ"литой"В"1"В"3100"В"53"В"1928"
"1000201185"В"Alessio"В"Action"В"Alessio Action 7,5x17 4x108 ET 42 Dia 63,4"В"7,5"В"17"В"4"В"108"В"0"В"42"В"63,4"ВВ"литой"В"4"В"3890"В"53"В"1928"
"1000201382"В"Alessio"В"Action"В"Alessio Action 8x18 5x112 ET 35 Dia 69,1"В"8"В"18"В"5"В"112"В"0"В"35"В"69,1"ВВ"литой"В"1"В"4590"В"53"В"1928"
"1000201180"В"Alessio"В"Arizona"В"Alessio Arizona 7,5x16 5x98 ET 38 Dia 69,1"В"7,5"В"16"В"5"В"98"В"0"В"38"В"69,1"ВВ"литой"В"4"В"3475"В"53"В"247"
"1000201183"В"Alessio"В"Cobra"В"Alessio Cobra 7,5x16 6x135 ET 35 Dia 87,1"В"7,5"В"16"В"6"В"135"В"0"В"35"В"87,1"ВВ"литой"В"4"В"3200"В"53"В"463"
"1000201198"В"Alessio"В"Cobra"В"Alessio Cobra 7,5x17 5x120 ET 35 Dia 72,6"В"7,5"В"17"В"5"В"120"В"0"В"35"В"72,6"ВВ"литой"В"4"В"3890"В"53"В"463"
"1000201203"В"Alessio"В"Cobra"В"Alessio Cobra 7,5x17 5x150/110,5 ET 35 Dia 110,5"В"7,5"В"17"В"5"В"150"В"110,5"В"35"В"110,5"ВВ"литой"В"4"В"3890"В"53"В"463"
"53683"В"Alessio"В"Cobra"В"Alessio Cobra 7,5x17 6x139,7 ET 35 Dia 67,1"В"7,5"В"17"В"6"В"139,7"В"0"В"35"В"67,1"ВВ"литой"В"2"В"3890"В"53"В"463"
"1000201619"В"Alessio"В"Daytona"В"Alessio Daytona 8x16 5x150/110,5 ET 10 Dia 110,5"В"8"В"16"В"5"В"150"В"110,5"В"10"В"110,5"ВВ"литой"В"4"В"4275"В"53"В"3448"
"1000201172"В"Alessio"В"Euro"В"Alessio Euro 7,5x16 4x114,3 ET 35 Dia 69,1"В"7,5"В"16"В"4"В"114,3"В"0"В"35"В"69,1"ВВ"литой"В"4"В"3045"В"53"В"439"
"1000201042"В"Alessio"В"Giro"В"Alessio Giro 6,5x15 4x100 ET 38 Dia 69,1"В"6,5"В"15"В"4"В"100"В"0"В"38"В"69,1"ВВ"литой"В"3"В"2530"В"53"В"464"
"121412"В"Alessio"В"Lady"В"Alessio Lady 6x15 5x108 ET 50 Dia 63,4"В"6"В"15"В"5"В"108"В"0"В"50"В"63,4"ВВ"литой"В"4"В"2580"В"53"В"3435"
"1000201178"В"Alessio"В"Mirage"В"Alessio Mirage 7,5x16 5x120 ET 20 Dia 74,1"В"7,5"В"16"В"5"В"120"В"0"В"20"В"74,1"ВВ"литой"В"4"В"3045"В"53"В"3439"
"1000201384"В"Alessio"В"Modena"В"Alessio Modena 8x18 5x112 ET 35 Dia 69,1"В"8"В"18"В"5"В"112"В"0"В"35"В"69,1"ВВ"литой"В"4"В"5120"В"53"В"3447"
"55535"В"Alessio"В"Modena"В"Alessio Modena 8x18 5x130 ET 35 Dia 71,6"В"8"В"18"В"5"В"130"В"0"В"35"В"71,6"ВВ"литой"В"4"В"5120"В"53"В"3447"
"1000201031"В"Alessio"В"MonteCarlo"В"Alessio MonteCarlo 5,5x13 4x100 ET 38 Dia 69,1"В"5,5"В"13"В"4"В"100"В"0"В"38"В"69,1"ВВ"литой"В"2"В"2205"В"53"В"921"
"1000201032"В"Alessio"В"MonteCarlo"В"Alessio MonteCarlo 5,5x13 4x100 ET 42 Dia 69,1"В"5,5"В"13"В"4"В"100"В"0"В"42"В"69,1"ВВ"литой"В"4"В"2205"В"53"В"921"
"1000201138"В"Alessio"В"Monza"В"Alessio Monza 6x14 4x98 ET 20 Dia 69,1"В"6"В"14"В"4"В"98"В"0"В"20"В"69,1"ВВ"литой"В"2"В"1840"В"53"В"542"
"1000201130"В"Alessio"В"Polar"В"Alessio Polar 6x14 4x114,3 ET 38 Dia 69,1"В"6"В"14"В"4"В"114,3"В"0"В"38"В"69,1"ВВ"литой"В"4"В"2480"В"53"В"544"
"1000201217"В"Alessio"В"Principe"В"Alessio Principe 7x15 4x98 ET 38 Dia 69,1"В"7"В"15"В"4"В"98"В"0"В"38"В"69,1"ВВ"литой"В"4"В"2610"В"53"В"3437"
"1000201220"В"Alessio"В"Principe"В"Alessio Principe 7x15 5x108 ET 42 Dia 69,1"В"7"В"15"В"5"В"108"В"0"В"42"В"69,1"ВВ"литой"В"4"В"2610"В"53"В"3437"
"85980"В"Alessio"В"Ruota-131"В"Alessio Ruota-131 8x18 5x100/112 ET 35 Dia 57,1"В"8"В"18"В"5"В"100"В"112"В"35"В"57,1"ВВ"литой"В"4"В"4205"В"53"В"3490"
"85982"В"Alessio"В"Ruota-199"В"Alessio Ruota-199 8x18 5x112 ET 47 Dia 57,1"В"8"В"18"В"5"В"112"В"0"В"47"В"57,1"ВВ"литой"В"4"В"3990"В"53"В"3491"
"85974"В"Alessio"В"Ruota-216"В"Alessio Ruota-216 7x17 5x112 ET 45 Dia 57,1"В"7"В"17"В"5"В"112"В"0"В"45"В"57,1"ВВ"литой"В"4"В"3910"В"53"В"3499"
"1000201139"В"Alessio"В"Sanremo"В"Alessio Sanremo 6x14 4x98 ET 20 Dia 69,1"В"6"В"14"В"4"В"98"В"0"В"20"В"69,1"ВВ"литой"В"2"В"2480"В"53"В"1075"
"1000201368"В"Alessio"В"Star 5"В"Alessio Star 5 8x17 5x139,7 ET 35 Dia 95,6"В"8"В"17"В"5"В"139,7"В"0"В"35"В"95,6"ВВ"литой"В"3"В"3860"В"53"В"1080"
"1000201339"В"Alessio"В"Star 5"В"Alessio Star 5 8,5x18 5x112 ET 35 Dia 69,1"В"8,5"В"18"В"5"В"112"В"0"В"35"В"69,1"ВВ"литой"В"4"В"5120"В"53"В"1080"
"1000201340"В"Alessio"В"Star 5"В"Alessio Star 5 8,5x18 5x120 ET 42 Dia 72,6 (хром)"В"8,5"В"18"В"5"В"120"В"0"В"42"В"72,6"В"хром"В"литой"В"4"В"11890"В"53"В"1080"
"1000201402"В"Alessio"В"Super"В"Alessio Super 8x18 5x98 ET 25 Dia 69,1"В"8"В"18"В"5"В"98"В"0"В"25"В"69,1"ВВ"литой"В"4"В"5120"В"53"В"1899"
"53864"В"Alessio"В"Top"В"Alessio Top 6,5x15 5x108 ET 50 Dia 63,4"В"6,5"В"15"В"5"В"108"В"0"В"50"В"63,4"ВВ"литой"В"4"В"3045"В"53"В"1925"
"1000201179"В"Alessio"В"Tour"В"Alessio Tour 7,5x16 5x120 ET 20 Dia 74,1"В"7,5"В"16"В"5"В"120"В"0"В"20"В"74,1"ВВ"литой"В"4"В"3045"В"53"В"3442"
"1000201174"В"Alessio"В"Vittoria"В"Alessio Vittoria 7,5x16 4x114,3 ET 38 Dia 69,1"В"7,5"В"16"В"4"В"114,3"В"0"В"38"В"69,1"ВВ"литой"В"4"В"3515"В"53"В"1927"
"1000201175"В"Alessio"В"Vuelta"В"Alessio Vuelta 7,5x16 4x114,3 ET 38 Dia 69,1"В"7,5"В"16"В"4"В"114,3"В"0"В"38"В"69,1"ВВ"литой"В"4"В"3045"В"53"В"3443"
"1000201436"В"Alltech"В"Tiger"В"Alltech Tiger 6,5x15 4x98 ET 37 Dia 60,1 (хром)"В"6,5"В"15"В"4"В"98"В"0"В"37"В"60,1"В"хром"В"литой"В"6"В"2620"В"249"В"12769"
"1000203406"В"American Racing"В"Wolverine (AR645)"В"American Racing Wolverine (AR645) 9,5x22 8x165,1/116,9 ET 0 Dia 116,9"В"9,5"В"22"В"8"В"165,1"В"116,9"В"0"В"116,9"ВВ"литой"В"1"В"16395"В"169"В"9538"
"1000202824"В"Asterro"В"42B40B"В"Asterro 42B40B 5x13 4x98 ET 40 Dia 58,5"В"5"В"13"В"4"В"98"В"0"В"40"В"58,5"ВВ"стальной"В"1"В"825"В"170"В"13338"
"1000203689"В"August"В"Union"В"August Union 8x19 5x112 ET 42 Dia 57,1"В"8"В"19"В"5"В"112"В"0"В"42"В"57,1"ВВ"литой"В"4"В"11290"В"390"В"18741"
"1000203050"В"Aws"В"Canova"В"Aws Canova 6,5x15 4x108 ET 18"В"6,5"В"15"В"4"В"108"В"0"В"18"В"0"ВВ"литой"В"4"В"5065"В"55"В"16459"
"138995"В"Aws"В"Classic"В"Aws Classic 7x15 5x100 ET 42 Dia 69,1"В"7"В"15"В"5"В"100"В"0"В"42"В"69,1"ВВ"литой"В"4"В"3525"В"55"В"1948"
"1000201046"В"Aws"В"Cooper"В"Aws Cooper 6,5x15 4x108 ET 42 Dia 63,4"В"6,5"В"15"В"4"В"108"В"0"В"42"В"63,4"ВВ"литой"В"4"В"3525"В"55"В"1950"
"139002"В"Aws"В"Formula"В"Aws Formula 7x15 5x110 ET 38 Dia 65,1"В"7"В"15"В"5"В"110"В"0"В"38"В"65,1"ВВ"литой"В"4"В"3525"В"55"В"1952"
"1000201177"В"Aws"В"Formula"В"Aws Formula 7,5x16 5x114,3 ET 38 Dia 69,1"В"7,5"В"16"В"5"В"114,3"В"0"В"38"В"69,1"ВВ"литой"В"4"В"4275"В"55"В"1952"
"30951"В"Aws"В"Formula"В"Aws Formula 7,5x16 5x120 ET 20 Dia 74,1"В"7,5"В"16"В"5"В"120"В"0"В"20"В"74,1"ВВ"литой"В"4"В"4275"В"55"В"1952"
"1000201073"В"Aws"В"LeMans"В"Aws LeMans 6,5x15 5x110 ET 38 Dia 65,1"В"6,5"В"15"В"5"В"110"В"0"В"38"В"65,1"ВВ"литой"В"4"В"3525"В"55"В"1953"
"1000201385"В"Aws"В"Maranello"В"Aws Maranello 8x18 5x112 ET 35 Dia 69,1"В"8"В"18"В"5"В"112"В"0"В"35"В"69,1"ВВ"литой"В"4"В"6080"В"55"В"1954"
"139003"В"Aws"В"Racing"В"Aws Racing 7x15 5x110 ET 38 Dia 65,1"В"7"В"15"В"5"В"110"В"0"В"38"В"65,1"ВВ"литой"В"4"В"3525"В"55"В"1955"
"1000202602"В"BBS"В"CH"В"BBS CH 8,5x20 5x120 ET 40 Dia 74 (хром)"В"8,5"В"20"В"5"В"120"В"0"В"40"В"74"В"хром"В"литой"В"4"В"11880"В"101"В"3432"
"1000202604"В"BBS"В"CH"В"BBS CH 9,5x22 5x120 ET 35 Dia 74 (хром)"В"9,5"В"22"В"5"В"120"В"0"В"35"В"74"В"хром"В"литой"В"4"В"13970"В"101"В"3432"
"34704"В"CAM"В"262"В"CAM 262 8x18 5x112 ET 38 Dia 66,6 (черный)"В"8"В"18"В"5"В"112"В"0"В"38"В"66,6"В"черный"В"литой"В"4"В"6730"В"185"В"10839"
"137767"В"CAM"В"262"В"CAM 262 8x18 5x112 ET 38 Dia 73,1 (черный)"В"8"В"18"В"5"В"112"В"0"В"38"В"73,1"В"черный"В"литой"В"2"В"6730"В"185"В"10839"
"1000203877"В"CAM"В"262"В"CAM 262 8x18 5x114,3 ET 45 Dia 73,1 (grey)"В"8"В"18"В"5"В"114,3"В"0"В"45"В"73,1"В"grey"В"литой"В"3"В"6730"В"185"В"10839"
"1000203228"В"CAM"В"264"В"CAM 264 8x18 5x120 ET 45 Dia 72,6 (PHS )"В"8"В"18"В"5"В"120"В"0"В"45"В"72,6"В"PHS "В"литой"В"8"В"3015"В"185"В"12924"
"34710"В"CAM"В"285"В"CAM 285 9x20 6x139,7 ET 30 Dia 67,1 (черный)"В"9"В"20"В"6"В"139,7"В"0"В"30"В"67,1"В"черный"В"литой"В"4"В"8060"В"185"В"10840"
"175035"В"CAM"В"295"В"CAM 295 6,5x15 5x110 ET 40 Dia 73,1 (PHS)"В"6,5"В"15"В"5"В"110"В"0"В"40"В"73,1"В"PHS"В"литой"В"8"В"2380"В"185"В"12154"
"1000203242"В"CAM"В"296"В"CAM 296 6,5x15 5x110 ET 35 Dia 65,1 (PHS)"В"6,5"В"15"В"5"В"110"В"0"В"35"В"65,1"В"PHS"В"литой"В"4"В"2380"В"185"В"12348"
"201185"В"CAM"В"299"В"CAM 299 6,5x15 5x110 ET 35 Dia 73,1 (PHS)"В"6,5"В"15"В"5"В"110"В"0"В"35"В"73,1"В"PHS"В"литой"В"4"В"2745"В"185"В"12345"
"160446"В"CAM"В"305"В"CAM 305 7,5x18 5x112 ET 38 Dia 73,1 (TB)"В"7,5"В"18"В"5"В"112"В"0"В"38"В"73,1"В"TB"В"литой"В"8"В"3200"В"185"В"12023"
"1000203225"В"CAM"В"305"В"CAM 305 7,5x18 5x112 ET 38 Dia 73,1 (PHS )"В"7,5"В"18"В"5"В"112"В"0"В"38"В"73,1"В"PHS "В"литой"В"4"В"2975"В"185"В"12023"
"186171"В"CAM"В"306"В"CAM 306 7x17 5x112 ET 38 Dia 73,1 (черный)"В"7"В"17"В"5"В"112"В"0"В"38"В"73,1"В"черный"В"литой"В"1"В"4540"В"185"В"11719"
"1000201304"В"CAM"В"315"В"CAM 315 7x17 5x112 ET 38 Dia 73,1 (черный)"В"7"В"17"В"5"В"112"В"0"В"38"В"73,1"В"черный"В"литой"В"3"В"5320"В"185"В"12925"
"127954"В"CAM"В"321"В"CAM 321 7x17 5x120 ET 20 Dia 72,6"В"7"В"17"В"5"В"120"В"0"В"20"В"72,6"ВВ"литой"В"4"В"5320"В"185"В"10841"
"186496"В"CAM"В"327"В"CAM 327 9x20 5x130 ET 50 Dia 71,5 (черный)"В"9"В"20"В"5"В"130"В"0"В"50"В"71,5"В"черный"В"литой"В"8"В"9765"В"185"В"12660"
"145166"В"CAM"В"329"В"CAM 329 8x18 5x114,3 ET 30 Dia 73,1 (черный)"В"8"В"18"В"5"В"114,3"В"0"В"30"В"73,1"В"черный"В"литой"В"2"В"5800"В"185"В"10842"
"43150"В"CAM"В"329"В"CAM 329 8x18 5x120 ET 45 Dia 72,6 (черный)"В"8"В"18"В"5"В"120"В"0"В"45"В"72,6"В"черный"В"литой"В"4"В"5800"В"185"В"10842"
"186180"В"CAM"В"329"В"CAM 329 8x18 5x120 ET 45 Dia 72,6 (grey)"В"8"В"18"В"5"В"120"В"0"В"45"В"72,6"В"grey"В"литой"В"4"В"5380"В"185"В"10842"
"21115"В"CAM"В"335"В"CAM 335 7x16 5x100 ET 45 Dia 67,1 (черный)"В"7"В"16"В"5"В"100"В"0"В"45"В"67,1"В"черный"В"литой"В"3"В"3320"В"185"В"10398"
"1000203245"В"CAM"В"355"В"CAM 355 6,5x15 5x110 ET 40 Dia 73,1 (PHS)"В"6,5"В"15"В"5"В"110"В"0"В"40"В"73,1"В"PHS"В"литой"В"8"В"1740"В"185"В"12025"
"1000203246"В"CAM"В"355"В"CAM 355 6,5x15 5x112 ET 35 Dia 73,1 (TB)"В"6,5"В"15"В"5"В"112"В"0"В"35"В"73,1"В"TB"В"литой"В"2"В"2885"В"185"В"12025"
"110887"В"CAM"В"355"В"CAM 355 7x17 5x100 ET 45 Dia 67,1"В"7"В"17"В"5"В"100"В"0"В"45"В"67,1"ВВ"литой"В"4"В"2975"В"185"В"12025"
"160452"В"CAM"В"358"В"CAM 358 8x18 5x112 ET 46 Dia 73,1 (PHS)"В"8"В"18"В"5"В"112"В"0"В"46"В"73,1"В"PHS"В"литой"В"8"В"3015"В"185"В"13747"
"1000201309"В"CAM"В"392"В"CAM 392 7x17 5x114,3 ET 45 Dia 60,1 (черный)"В"7"В"17"В"5"В"114,3"В"0"В"45"В"60,1"В"черный"В"литой"В"2"В"5045"В"185"В"12026"
"276214"В"Catwild"В"CT11"В"Catwild CT11 6x15 5x100 ET 38 Dia 57,1 (черный)"В"6"В"15"В"5"В"100"В"0"В"38"В"57,1"В"черный"В"литой"В"4"В"1150"В"180"В"22335"
"1000204531"В"Catwild"В"CT11"В"Catwild CT11 6x15 5x100 ET 38 Dia 57,1 (silver)"В"6"В"15"В"5"В"100"В"0"В"38"В"57,1"В"silver"В"литой"В"1"В"1150"В"180"В"22335"
"272826"В"Catwild"В"CT19"В"Catwild CT19 6x15 5x108 ET 52,5 Dia 63,3 (silver)"В"6"В"15"В"5"В"108"В"0"В"52,5"В"63,3"В"silver"В"литой"В"5"В"1150"В"180"В"22336"
"259465"В"Catwild"В"CT28"В"Catwild CT28 6x15 5x112 ET 47 Dia 57,1 (черный)"В"6"В"15"В"5"В"112"В"0"В"47"В"57,1"В"черный"В"литой"В"5"В"1150"В"180"В"21850"
"21127"В"Catwild"В"R6"В"Catwild R6 6x15 4x108 ET 27 Dia 65,1 (GMF)"В"6"В"15"В"4"В"108"В"0"В"27"В"65,1"В"GMF"В"литой"В"4"В"2975"В"180"В"10121"
"21258"В"Catwild"В"SA1"В"Catwild SA1 6,5x16 5x114,3 ET 45 Dia 73,1 (GMF)"В"6,5"В"16"В"5"В"114,3"В"0"В"45"В"73,1"В"GMF"В"литой"В"4"В"3655"В"180"В"10123"
"41218"В"DJ"В"368"В"DJ 368 8,5x17 5x120 ET 15 Dia 74,1 (silver)"В"8,5"В"17"В"5"В"120"В"0"В"15"В"74,1"В"silver"В"литой"В"4"В"3170"В"43"В"4201"
"41205"В"DJ"В"369"В"DJ 369 7,5x16 5x120 ET 15 Dia 74,1 (silver)"В"7,5"В"16"В"5"В"120"В"0"В"15"В"74,1"В"silver"В"литой"В"16"В"2835"В"43"В"4202"
"61973"В"DJ"В"80"В"DJ 80 8x18 5x112 ET 35 Dia 70,4 (silver)"В"8"В"18"В"5"В"112"В"0"В"35"В"70,4"В"silver"В"литой"В"8"В"5525"В"43"В"1902"
"61975"В"DJ"В"80"В"DJ 80 8x19 5x112 ET 35 Dia 70,4 (silver)"В"8"В"19"В"5"В"112"В"0"В"35"В"70,4"В"silver"В"литой"В"8"В"5990"В"43"В"1902"
"1000201898"В"Detata"В"Double D"В"Detata Double D 8x18 5x100/115 ET 35 (BL)"В"8"В"18"В"5"В"100"В"115"В"35"В"0"В"BL"В"литой"В"4"В"9505"В"295"В"14932"
"1000201905"В"Detata"В"Double D"В"Detata Double D 8x20 5x112/120 ET 35 (черный)"В"8"В"20"В"5"В"112"В"120"В"35"В"0"В"черный"В"литой"В"4"В"9505"В"295"В"14932"
"1000201627"В"Detata"В"Double D"В"Detata Double D 8x20 5x130 ET 0 (BL)"В"8"В"20"В"5"В"130"В"0"В"0"В"0"В"BL"В"литой"В"4"В"10690"В"295"В"14932"
"1000201618"В"Detata"В"Game"В"Detata Game 8,5x20 5x120 ET 20 Dia 74,1 (хром)"В"8,5"В"20"В"5"В"120"В"0"В"20"В"74,1"В"хром"В"литой"В"4"В"8455"В"295"В"14934"
"1000203632"В"Detata"В"Motivator"В"Detata Motivator 9x20 14x220 ET 0"В"9"В"20"В"14"В"220"В"0"В"0"В"0"ВВ"литой"В"8"В"14255"В"295"В"14929"
"1000203997"В"Detata"В"Motivator"В"Detata Motivator 9x20 5x114,3/120 ET 25 Dia 78,1 (хром)"В"9"В"20"В"5"В"114,3"В"120"В"25"В"78,1"В"хром"В"литой"В"4"В"10235"В"295"В"14929"
"1000201631"В"Detata"В"Motivator"В"Detata Motivator 9x20 5x150 ET 25 Dia 78,1 (хром)"В"9"В"20"В"5"В"150"В"0"В"25"В"78,1"В"хром"В"литой"В"4"В"16220"В"295"В"14929"
"1000201634"В"Detata"В"Motivator"В"Detata Motivator 9x20 6x139,7/110 ET 25"В"9"В"20"В"6"В"139,7"В"110"В"25"В"0"ВВ"литой"В"2"В"15440"В"295"В"14929"
"1000203499"В"Detata"В"Motivator"В"Detata Motivator 9x20 6x139,7/108 ET 25"В"9"В"20"В"6"В"139,7"В"108"В"25"В"0"ВВ"литой"В"4"В"14620"В"295"В"14929"
"1000202730"В"Detata"В"Motivator"В"Detata Motivator 10x22 14x220 ET 30 Dia 78,1 (хром)"В"10"В"22"В"14"В"220"В"0"В"30"В"78,1"В"хром"В"литой"В"4"В"19645"В"295"В"14929"
"1000201620"В"Detata"В"Primo"В"Detata Primo 8x17 5x150/110 ET 18"В"8"В"17"В"5"В"150"В"110"В"18"В"0"ВВ"литой"В"4"В"8315"В"295"В"14930"
"1000203998"В"Detata"В"Primo"В"Detata Primo 9x20 5x130 ET 25 Dia 78,1 (хром)"В"9"В"20"В"5"В"130"В"0"В"25"В"78,1"В"хром"В"литой"В"4"В"10235"В"295"В"14930"
"1000203712"В"Detata"В"Primo"В"Detata Primo 9x20 6x135/139,7 ET 25 (BL)"В"9"В"20"В"6"В"135"В"139,7"В"25"В"0"В"BL"В"литой"В"4"В"16630"В"295"В"14930"
"1000203713"В"Detata"В"Primo"В"Detata Primo 9x20 6x135/139,7 ET 25 (хром)"В"9"В"20"В"6"В"135"В"139,7"В"25"В"0"В"хром"В"литой"В"4"В"16630"В"295"В"14930"
"1000203208"В"Detata"В"Primo"В"Detata Primo 9x20 6x139,7 ET 25 Dia 78,1 (BL)"В"9"В"20"В"6"В"139,7"В"0"В"25"В"78,1"В"BL"В"литой"В"4"В"14070"В"295"В"14930"
"1000203408"В"Detata"В"Primo"В"Detata Primo 9x20 6x139,7 ET 25 Dia 78,1 (хром)"В"9"В"20"В"6"В"139,7"В"0"В"25"В"78,1"В"хром"В"литой"В"8"В"15440"В"295"В"14930"
"1000201839"В"Detata"В"Rallye"В"Detata Rallye 7,5x18 5x112/114,3 ET 40 (хром)"В"7,5"В"18"В"5"В"112"В"114,3"В"40"В"0"В"хром"В"литой"В"1"В"10965"В"295"В"14935"
"1000201987"В"Detata"В"Siphon"В"Detata Siphon 8x17 6x135/139,7 ET 12"В"8"В"17"В"6"В"135"В"139,7"В"12"В"0"ВВ"литой"В"4"В"9505"В"295"В"14931"
"1000203888"В"Detata"В"Siphon"В"Detata Siphon 9x20 5x114,3/120 ET 15 Dia 78 (хром)"В"9"В"20"В"5"В"114,3"В"120"В"15"В"78"В"хром"В"литой"В"4"В"9595"В"295"В"14931"
"1000202759"В"Dezent"В"B"В"Dezent B 7,5x18 5x100/114,3 ET 40 Dia 73,1 (черный)"В"7,5"В"18"В"5"В"100"В"114,3"В"40"В"73,1"В"черный"В"литой"В"4"В"6060"В"33"В"1548"
"1000203694"В"Diablo"В"Teardrop (P8071)"В"Diablo Teardrop (P8071) 8,5x20 5x112 ET 35 Dia 66,6 (CH BL)"В"8,5"В"20"В"5"В"112"В"0"В"35"В"66,6"В"CH BL"В"литой"В"4"В"13705"В"239"В"14827"
"1000203649"В"Diablo"В"XL (P8034)"В"Diablo XL (P8034) 9,5x22 5x130 ET 40 Dia 71,6"В"9,5"В"22"В"5"В"130"В"0"В"40"В"71,6"ВВ"литой"В"4"В"10965"В"239"В"14829"
"1000202201"В"Dropstars"В"DS01"В"Dropstars DS01 8,5x20 5x120 ET 38"В"8,5"В"20"В"5"В"120"В"0"В"38"В"0"ВВ"литой"В"1"В"19955"В"195"В"10540"
"1000202167"В"Dropstars"В"DS02"В"Dropstars DS02 8,5x20 6x115 ET 0 Dia 70,28"В"8,5"В"20"В"6"В"115"В"0"В"0"В"70,28"ВВ"литой"В"1"В"19955"В"195"В"10541"
"1000203078"В"Element Alloy"В"E963"В"Element Alloy E963 9,5x22 6x135/139,7 ET 0 Dia 87 (хром)"В"9,5"В"22"В"6"В"135"В"139,7"В"0"В"87"В"хром"В"литой"В"3"В"16630"В"353"В"16469"
"1000203049"В"Element Alloy"В"E963"В"Element Alloy E963 10x24 6x135/139,7 ET 0 Dia 87"В"10"В"24"В"6"В"135"В"139,7"В"0"В"87"ВВ"литой"В"2"В"21380"В"353"В"16469"
"1000202157"В"Fervent"В"FA260"В"Fervent FA260 6x14 4x100/114,3 ET 38 Dia 73 (silver)"В"6"В"14"В"4"В"100"В"114,3"В"38"В"73"В"silver"В"литой"В"3"В"1740"В"247"В"12737"
"1000202302"В"Fervent"В"FA401"В"Fervent FA401 6x15 5x100/114,3 ET 48 Dia 73 (silver)"В"6"В"15"В"5"В"100"В"114,3"В"48"В"73"В"silver"В"литой"В"4"В"2065"В"247"В"12738"
"43203"В"Forsage"В"P0875"В"Forsage P0875 7,5x18 5x112 ET 50 Dia 66,6 (SI03)"В"7,5"В"18"В"5"В"112"В"0"В"50"В"66,6"В"SI03"В"---"В"8"В"3675"В"156"В"8127"
"43208"В"Forsage"В"P1011"В"Forsage P1011 5x13 4x98 ET 35 Dia 58,6 (SI03)"В"5"В"13"В"4"В"98"В"0"В"35"В"58,6"В"SI03"В"---"В"4"В"1700"В"156"В"8097"
"1000202091"В"Forsage"В"P1049"В"Forsage P1049 7,5x17 4x108/114,3 ET 40 Dia 67,1 (C66MC)"В"7,5"В"17"В"4"В"108"В"114,3"В"40"В"67,1"В"C66MC"В"---"В"4"В"3035"В"156"В"8082"
"1000202059"В"Forsage"В"P1064"В"Forsage P1064 5,5x13 4x100/114,3 ET 35 Dia 67,1 (SI03)"В"5,5"В"13"В"4"В"100"В"114,3"В"35"В"67,1"В"SI03"В"---"В"16"В"1375"В"156"В"8087"
"43266"В"Forsage"В"P1088"В"Forsage P1088 7x17 5x100 ET 50 Dia 67,1 (SI03)"В"7"В"17"В"5"В"100"В"0"В"50"В"67,1"В"SI03"В"---"В"4"В"3035"В"156"В"8090"
"1000202066"В"Forsage"В"P1101"В"Forsage P1101 5x14 4x100/114,3 ET 45 Dia 67,1 (SI03)"В"5"В"14"В"4"В"100"В"114,3"В"45"В"67,1"В"SI03"В"---"В"8"В"1565"В"156"В"8091"
"1000202060"В"Forsage"В"P1109"В"Forsage P1109 5,5x13 4x100/114,3 ET 35 Dia 67,1 (C66MC)"В"5,5"В"13"В"4"В"100"В"114,3"В"35"В"67,1"В"C66MC"В"---"В"8"В"1375"В"156"В"8094"
"1000202114"В"Forsage"В"P1142"В"Forsage P1142 7x17 5x108/114,3 ET 53 Dia 67,1 (SI03)"В"7"В"17"В"5"В"108"В"114,3"В"53"В"67,1"В"SI03"В"---"В"4"В"3035"В"156"В"8100"
"1000201579"В"Forsage"В"P8002"В"Forsage P8002 8x16 5x150/110,5 ET 0 Dia 110,5 (SI03)"В"8"В"16"В"5"В"150"В"110,5"В"0"В"110,5"В"SI03"В"---"В"4"В"2380"В"156"В"8129"
"1000203079"В"Forte"В"F7"В"Forte F7 9,5x22 6x135/139,7 ET 31 Dia 87,1 (хром)"В"9,5"В"22"В"6"В"135"В"139,7"В"31"В"87,1"В"хром"В"литой"В"4"В"16750"В"354"В"16470"
"1000203039"В"G-Racing"В"Tokyo"В"G-Racing Tokyo 8x19 5x120 ET 35 Dia 72,6"В"8"В"19"В"5"В"120"В"0"В"35"В"72,6"ВВ"литой"В"2"В"14255"В"351"В"16465"
"1000203042"В"G-Racing"В"Tokyo"В"G-Racing Tokyo 9,5x19 5x120 ET 35 Dia 72,6"В"9,5"В"19"В"5"В"120"В"0"В"35"В"72,6"ВВ"литой"В"2"В"14255"В"351"В"16465"
"1000204053"В"Gianelle"В"Cairo"В"Gianelle Cairo 10x20 5x120 ET 40 (MB)"В"10"В"20"В"5"В"120"В"0"В"40"В"0"В"MB"В"литой"В"2"В"20465"В"236"В"12622"
"1000204054"В"Gianelle"В"Cairo"В"Gianelle Cairo 8,5x20 5x120 ET 35 (MB)"В"8,5"В"20"В"5"В"120"В"0"В"35"В"0"В"MB"В"литой"В"3"В"20465"В"236"В"12622"
"1000201816"В"Gianelle"В"Santorini"В"Gianelle Santorini 10x20 5x120 ET 20 Dia 72,56"В"10"В"20"В"5"В"120"В"0"В"20"В"72,56"ВВ"литой"В"4"В"15075"В"236"В"15155"
"1000201869"В"Gianelle"В"Santorini"В"Gianelle Santorini 8,5x20 5x108 ET 42 Dia 73,1"В"8,5"В"20"В"5"В"108"В"0"В"42"В"73,1"ВВ"литой"В"4"В"15075"В"236"В"15155"
"1000204047"В"Gianelle"В"Santorini"В"Gianelle Santorini 8,5x20 5x114,3 ET 38 Dia 73,1 (MB)"В"8,5"В"20"В"5"В"114,3"В"0"В"38"В"73,1"В"MB"В"литой"В"4"В"12790"В"236"В"15155"
"1000201433"В"Gianelle"В"Spidero 5"В"Gianelle Spidero 5 10x20 5x114,3 ET 42 Dia 73,1 (черный)"В"10"В"20"В"5"В"114,3"В"0"В"42"В"73,1"В"черный"В"литой"В"2"В"19005"В"236"В"14815"
"1000202127"В"Gianelle"В"Spidero 5"В"Gianelle Spidero 5 8,5x20 5x114,3 ET 35 Dia 66,56"В"8,5"В"20"В"5"В"114,3"В"0"В"35"В"66,56"ВВ"литой"В"2"В"19005"В"236"В"14815"
"1000201453"В"Gianelle"В"Spidero 5"В"Gianelle Spidero 5 8,5x20 5x114,3 ET 38 Dia 73,1"В"8,5"В"20"В"5"В"114,3"В"0"В"38"В"73,1"ВВ"литой"В"4"В"19005"В"236"В"14815"
"1000201815"В"Gianelle"В"Venezia"В"Gianelle Venezia 10x20 5x114,3 ET 42 Dia 73,1 (MB)"В"10"В"20"В"5"В"114,3"В"0"В"42"В"73,1"В"MB"В"литой"В"4"В"15075"В"236"В"15154"
"1000201880"В"Gianelle"В"Venezia"В"Gianelle Venezia 8,5x20 5x114,3 ET 38 Dia 73,1 (MB)"В"8,5"В"20"В"5"В"114,3"В"0"В"38"В"73,1"В"MB"В"литой"В"8"В"12790"В"236"В"15154"
"1000201883"В"Gianelle"В"Venezia"В"Gianelle Venezia 8,5x20 5x120 ET 20 Dia 72,56 (MB)"В"8,5"В"20"В"5"В"120"В"0"В"20"В"72,56"В"MB"В"литой"В"2"В"15075"В"236"В"15154"
"1000201885"В"Gianelle"В"Venezia"В"Gianelle Venezia 8,5x20 5x120 ET 35 Dia 72,56 (MB)"В"8,5"В"20"В"5"В"120"В"0"В"35"В"72,56"В"MB"В"литой"В"6"В"12790"В"236"В"15154"
"1000201926"В"Gianelle"В"Venezia"В"Gianelle Venezia 9x22 5x112 ET 35 Dia 66,56 (MB)"В"9"В"22"В"5"В"112"В"0"В"35"В"66,56"В"MB"В"литой"В"4"В"18270"В"236"В"15154"
"1000201932"В"Gianelle"В"Venezia"В"Gianelle Venezia 9x22 5x127 ET 35 Dia 78,1 (MB)"В"9"В"22"В"5"В"127"В"0"В"35"В"78,1"В"MB"В"литой"В"4"В"14620"В"236"В"15154"
"1000201934"В"Gianelle"В"Venezia"В"Gianelle Venezia 9x22 5x130 ET 35 Dia 71,5 (MB)"В"9"В"22"В"5"В"130"В"0"В"35"В"71,5"В"MB"В"литой"В"4"В"14620"В"236"В"15154"
"1000203956"В"Giovanna"В"Cuomo"В"Giovanna Cuomo 10x20 14x220 ET 20 Dia 74,1"В"10"В"20"В"14"В"220"В"0"В"20"В"74,1"ВВ"литой"В"2"В"20465"В"237"В"12625"
"1000203971"В"Giovanna"В"Cuomo"В"Giovanna Cuomo 8,5x20 14x220 ET 20 Dia 74,1"В"8,5"В"20"В"14"В"220"В"0"В"20"В"74,1"ВВ"литой"В"1"В"20465"В"237"В"12625"
"1000201790"В"Giovanna"В"Dalar"В"Giovanna Dalar 8,5x20 5x114,3 ET 38 Dia 73,1 (MB)"В"8,5"В"20"В"5"В"114,3"В"0"В"38"В"73,1"В"MB"В"литой"В"1"В"15075"В"237"В"12624"
"1000201576"В"Giovanna"В"Dalar"В"Giovanna Dalar 8,5x20 5x120 ET 35 (хром)"В"8,5"В"20"В"5"В"120"В"0"В"35"В"0"В"хром"В"литой"В"1"В"22565"В"237"В"12624"
"1000201792"В"Giovanna"В"Essen"В"Giovanna Essen 8,5x20 5x120 ET 35 Dia 72,56"В"8,5"В"20"В"5"В"120"В"0"В"35"В"72,56"ВВ"литой"В"4"В"15075"В"237"В"12627"
"1000201814"В"Giovanna"В"F5"В"Giovanna F5 10x20 5x112/114,3 ET 40"В"10"В"20"В"5"В"112"В"114,3"В"40"В"0"ВВ"литой"В"1"В"41565"В"237"В"14814"
"1000201871"В"Giovanna"В"F5"В"Giovanna F5 8,5x20 5x112/114,3 ET 35"В"8,5"В"20"В"5"В"112"В"114,3"В"35"В"0"ВВ"литой"В"1"В"41565"В"237"В"14814"
"1000204046"В"Giovanna"В"Gabbs"В"Giovanna Gabbs 8,5x20 5x114,3 ET 38 Dia 73,1 (MB)"В"8,5"В"20"В"5"В"114,3"В"0"В"38"В"73,1"В"MB"В"литой"В"8"В"11880"В"237"В"15175"
"1000201884"В"Giovanna"В"Gabbs"В"Giovanna Gabbs 8,5x20 5x120 ET 35 Dia 72,56"В"8,5"В"20"В"5"В"120"В"0"В"35"В"72,56"ВВ"литой"В"20"В"15075"В"237"В"15175"
"1000201927"В"Giovanna"В"Gabbs"В"Giovanna Gabbs 9x22 5x114,3 ET 38 Dia 73,1"В"9"В"22"В"5"В"114,3"В"0"В"38"В"73,1"ВВ"литой"В"4"В"14620"В"237"В"15175"
"1000201930"В"Giovanna"В"Gabbs"В"Giovanna Gabbs 9x22 5x120 ET 38 Dia 72,56"В"9"В"22"В"5"В"120"В"0"В"38"В"72,56"ВВ"литой"В"4"В"18270"В"237"В"15175"
"1000204058"В"Giovanna"В"Lisbone"В"Giovanna Lisbone 8,5x20 5x114,3 ET 35 (MB)"В"8,5"В"20"В"5"В"114,3"В"0"В"35"В"0"В"MB"В"литой"В"4"В"20465"В"237"В"12626"
"1000202024"В"Giovanna"В"Peggs"В"Giovanna Peggs 10x24 6x139,7 ET 20 Dia 78,1 (CR)"В"10"В"24"В"6"В"139,7"В"0"В"20"В"78,1"В"CR"В"литой"В"8"В"20100"В"237"В"15176"
"1000204048"В"Giovanna"В"Qatar"В"Giovanna Qatar 8,5x20 5x120 ET 38 Dia 73,1 (MB)"В"8,5"В"20"В"5"В"120"В"0"В"38"В"73,1"В"MB"В"литой"В"4"В"12790"В"237"В"15177"
"1000204094"В"Greed"В"Anzano"В"Greed Anzano 8,5x20 5x114,3 ET 38 Dia 74,1 (хром)"В"8,5"В"20"В"5"В"114,3"В"0"В"38"В"74,1"В"хром"В"литой"В"4"В"12790"В"311"В"21128"
"1000203935"В"Greed"В"Privilege"В"Greed Privilege 10x20 5x114,3/120 ET 18 (хром)"В"10"В"20"В"5"В"114,3"В"120"В"18"В"0"В"хром"В"литой"В"4"В"16630"В"311"В"15316"
"1000204727"В"IJI"В"Toyota"В"IJI Toyota 8x16 5x150 ET 0"В"8"В"16"В"5"В"150"В"0"В"0"В"0"ВВ"стальной"В"4"В"2745"В"433"В"22985"
"1000204113"В"IkonWheels"В"SNC006"В"IkonWheels SNC006 7x15 5x139,7/108,7 ET 0 Dia 108,7 (BL)"В"7"В"15"В"5"В"139,7"В"108,7"В"0"В"108,7"В"BL"В"стальной"В"142"В"2430"В"435"В"21373"
"1000204114"В"IkonWheels"В"SNC006"В"IkonWheels SNC006 7x15 5x139,7/108,7 ET 0 Dia 108,7 (CR)"В"7"В"15"В"5"В"139,7"В"108,7"В"0"В"108,7"В"CR"В"стальной"В"75"В"3200"В"435"В"21373"
"1000204115"В"IkonWheels"В"SNC006"В"IkonWheels SNC006 7x15 6x139,7/108,7 ET 0 Dia 108,7 (BL)"В"7"В"15"В"6"В"139,7"В"108,7"В"0"В"108,7"В"BL"В"стальной"В"115"В"2430"В"435"В"21373"
"1000204179"В"IkonWheels"В"SNC006"В"IkonWheels SNC006 7x15 6x139,7/108,7 ET 0 Dia 108,7 (CR)"В"7"В"15"В"6"В"139,7"В"108,7"В"0"В"108,7"В"CR"В"стальной"В"8"В"2975"В"435"В"21373"
"1000204202"В"IkonWheels"В"SNC007"В"IkonWheels SNC007 8x15 5x114,3 ET 10 Dia 83,7 (CR)"В"8"В"15"В"5"В"114,3"В"0"В"10"В"83,7"В"CR"В"литой"В"31"В"3565"В"435"В"21647"
"1000204122"В"IkonWheels"В"SNC008"В"IkonWheels SNC008 8x15 5x139,7/108,7 ET -16 Dia 108,7 (BL)"В"8"В"15"В"5"В"139,7"В"108,7"В"-16"В"108,7"В"BL"В"литой"В"119"В"2520"В"435"В"21375"
"1000204123"В"IkonWheels"В"SNC008"В"IkonWheels SNC008 8x15 5x139,7/108,7 ET -16 Dia 108,7 (CR)"В"8"В"15"В"5"В"139,7"В"108,7"В"-16"В"108,7"В"CR"В"литой"В"68"В"3840"В"435"В"21375"
"1000204124"В"IkonWheels"В"SNC008"В"IkonWheels SNC008 8x15 5x139,7/108,7 ET -16 Dia 108,7 (белый)"В"8"В"15"В"5"В"139,7"В"108,7"В"-16"В"108,7"В"белый"В"литой"В"81"В"2520"В"435"В"21375"
"1000204125"В"IkonWheels"В"SNC008"В"IkonWheels SNC008 8x15 6x139,7/108,7 ET -16 Dia 108,7 (BL)"В"8"В"15"В"6"В"139,7"В"108,7"В"-16"В"108,7"В"BL"В"литой"В"64"В"2520"В"435"В"21375"
"1000204126"В"IkonWheels"В"SNC008"В"IkonWheels SNC008 8x15 6x139,7/108,7 ET -16 Dia 108,7 (белый)"В"8"В"15"В"6"В"139,7"В"108,7"В"-16"В"108,7"В"белый"В"литой"В"36"В"2520"В"435"В"21375"
"1000204180"В"IkonWheels"В"SNC008"В"IkonWheels SNC008 8x15 6x139,7/108,7 ET -16 Dia 108,7 (CR)"В"8"В"15"В"6"В"139,7"В"108,7"В"-16"В"108,7"В"CR"В"литой"В"40"В"3565"В"435"В"21375"
"1000204709"В"IkonWheels"В"SNC008"В"IkonWheels SNC008 8x15 6x139,7/110,5 ET -16 Dia 110,5 (BL)"В"8"В"15"В"6"В"139,7"В"110,5"В"-16"В"110,5"В"BL"В"литой"В"36"В"2520"В"435"В"21375"
"1000204710"В"IkonWheels"В"SNC008"В"IkonWheels SNC008 8x15 6x139,7/110,5 ET -16 Dia 110,5 (белый)"В"8"В"15"В"6"В"139,7"В"110,5"В"-16"В"110,5"В"белый"В"литой"В"36"В"2520"В"435"В"21375"
"1000204109"В"IkonWheels"В"SNC010"В"IkonWheels SNC010 10x15 5x139,7/108,7 ET -24 Dia 108,7 (BL)"В"10"В"15"В"5"В"139,7"В"108,7"В"-24"В"108,7"В"BL"В"стальной"В"169"В"2700"В"435"В"21372"
"1000204110"В"IkonWheels"В"SNC010"В"IkonWheels SNC010 10x15 5x139,7/108,7 ET -24 Dia 108,7 (белый)"В"10"В"15"В"5"В"139,7"В"108,7"В"-24"В"108,7"В"белый"В"стальной"В"171"В"2700"В"435"В"21372"
"1000204177"В"IkonWheels"В"SNC010"В"IkonWheels SNC010 10x15 5x139,7/108,7 ET -24 Dia 108,7 (CR)"В"10"В"15"В"5"В"139,7"В"108,7"В"-24"В"108,7"В"CR"В"стальной"В"35"В"3800"В"435"В"21372"
"1000204111"В"IkonWheels"В"SNC010"В"IkonWheels SNC010 10x15 6x139,7/108,7 ET -24 Dia 108,7 (BL)"В"10"В"15"В"6"В"139,7"В"108,7"В"-24"В"108,7"В"BL"В"стальной"В"101"В"2700"В"435"В"21372"
"1000204112"В"IkonWheels"В"SNC010"В"IkonWheels SNC010 10x15 6x139,7/108,7 ET -24 Dia 108,7 (белый)"В"10"В"15"В"6"В"139,7"В"108,7"В"-24"В"108,7"В"белый"В"стальной"В"47"В"2700"В"435"В"21372"
"1000204178"В"IkonWheels"В"SNC010"В"IkonWheels SNC010 10x15 6x139,7/108,7 ET -24 Dia 108,7 (CR)"В"10"В"15"В"6"В"139,7"В"108,7"В"-24"В"108,7"В"CR"В"стальной"В"40"В"3800"В"435"В"21372"
"1000204707"В"IkonWheels"В"SNC010"В"IkonWheels SNC010 10x15 6x139,7/110,5 ET -24 Dia 110,5 (белый)"В"10"В"15"В"6"В"139,7"В"110,5"В"-24"В"110,5"В"белый"В"стальной"В"16"В"2700"В"435"В"21372"
"1000204116"В"IkonWheels"В"SNC012"В"IkonWheels SNC012 7x16 5x139,7/108,7 ET 20 Dia 108,7 (BL)"В"7"В"16"В"5"В"139,7"В"108,7"В"20"В"108,7"В"BL"В"стальной"В"160"В"2835"В"435"В"21374"
"1000204117"В"IkonWheels"В"SNC012"В"IkonWheels SNC012 7x16 5x139,7/108,7 ET 20 Dia 108,7 (CR)"В"7"В"16"В"5"В"139,7"В"108,7"В"20"В"108,7"В"CR"В"стальной"В"52"В"4075"В"435"В"21374"
"1000204118"В"IkonWheels"В"SNC012"В"IkonWheels SNC012 7x16 5x139,7/108,7 ET 20 Dia 108,7 (белый)"В"7"В"16"В"5"В"139,7"В"108,7"В"20"В"108,7"В"белый"В"стальной"В"88"В"2835"В"435"В"21374"
"1000204119"В"IkonWheels"В"SNC012"В"IkonWheels SNC012 7x16 6x139,7/108,7 ET 10 Dia 108,7 (BL)"В"7"В"16"В"6"В"139,7"В"108,7"В"10"В"108,7"В"BL"В"стальной"В"48"В"2835"В"435"В"21374"
"1000204120"В"IkonWheels"В"SNC012"В"IkonWheels SNC012 7x16 6x139,7/108,7 ET 10 Dia 108,7 (CR)"В"7"В"16"В"6"В"139,7"В"108,7"В"10"В"108,7"В"CR"В"стальной"В"53"В"4075"В"435"В"21374"
"1000204121"В"IkonWheels"В"SNC012"В"IkonWheels SNC012 7x16 6x139,7/108,7 ET 10 Dia 108,7 (белый)"В"7"В"16"В"6"В"139,7"В"108,7"В"10"В"108,7"В"белый"В"стальной"В"160"В"2835"В"435"В"21374"
"1000204708"В"IkonWheels"В"SNC012"В"IkonWheels SNC012 7x16 6x139,7/110,5 ET 10 Dia 110,5 (BL)"В"7"В"16"В"6"В"139,7"В"110,5"В"10"В"110,5"В"BL"В"стальной"В"152"В"2835"В"435"В"21374"
"1000204127"В"IkonWheels"В"SNC013"В"IkonWheels SNC013 8x16 5x139,7/108,7 ET -22 Dia 108,7 (BL)"В"8"В"16"В"5"В"139,7"В"108,7"В"-22"В"108,7"В"BL"В"литой"В"166"В"2925"В"435"В"21376"
"1000204128"В"IkonWheels"В"SNC013"В"IkonWheels SNC013 8x16 5x139,7/108,7 ET -22 Dia 108,7 (белый)"В"8"В"16"В"5"В"139,7"В"108,7"В"-22"В"108,7"В"белый"В"литой"В"92"В"2925"В"435"В"21376"
"1000204181"В"IkonWheels"В"SNC013"В"IkonWheels SNC013 8x16 5x139,7/108,7 ET -22 Dia 108,7 (CR)"В"8"В"16"В"5"В"139,7"В"108,7"В"-22"В"108,7"В"CR"В"литой"В"63"В"4205"В"435"В"21376"
"1000204129"В"IkonWheels"В"SNC013"В"IkonWheels SNC013 8x16 6x139,7/108,7 ET -10 Dia 108,7 (BL)"В"8"В"16"В"6"В"139,7"В"108,7"В"-10"В"108,7"В"BL"В"литой"В"68"В"2925"В"435"В"21376"
"1000204130"В"IkonWheels"В"SNC013"В"IkonWheels SNC013 8x16 6x139,7/108,7 ET -10 Dia 108,7 (CR)"В"8"В"16"В"6"В"139,7"В"108,7"В"-10"В"108,7"В"CR"В"литой"В"32"В"4205"В"435"В"21376"
"1000204131"В"IkonWheels"В"SNC013"В"IkonWheels SNC013 8x16 6x139,7/108,7 ET -10 Dia 108,7 (белый)"В"8"В"16"В"6"В"139,7"В"108,7"В"-10"В"108,7"В"белый"В"литой"В"32"В"2925"В"435"В"21376"
"1000204711"В"IkonWheels"В"SNC013"В"IkonWheels SNC013 8x16 6x139,7/110,5 ET -10 Dia 110,5 (CR)"В"8"В"16"В"6"В"139,7"В"110,5"В"-10"В"110,5"В"CR"В"литой"В"80"В"4205"В"435"В"21376"
"1000204712"В"IkonWheels"В"SNC013"В"IkonWheels SNC013 8x16 6x139,7/110,5 ET -10 Dia 110,5 (белый)"В"8"В"16"В"6"В"139,7"В"110,5"В"-10"В"110,5"В"белый"В"литой"В"52"В"2925"В"435"В"21376"
"1000204204"В"IkonWheels"В"SNC014"В"IkonWheels SNC014 8x16 8x165,1/130,8 ET -22 Dia 130,8 (CR)"В"8"В"16"В"8"В"165,1"В"130,8"В"-22"В"130,8"В"CR"В"литой"В"7"В"3930"В"435"В"21649"
"1000204755"В"IkonWheels"В"SNC028"В"IkonWheels SNC028 8x15 5x139,7/108,7 ET -16 Dia 108,7"В"8"В"15"В"5"В"139,7"В"108,7"В"-16"В"108,7"ВВ"литой"В"51"В"2520"В"435"В"23741"
"1000204756"В"IkonWheels"В"SNC028"В"IkonWheels SNC028 8x15 6x139,7/110,5 ET -16 Dia 110,5"В"8"В"15"В"6"В"139,7"В"110,5"В"-16"В"110,5"ВВ"литой"В"28"В"2520"В"435"В"23741"
"1000204753"В"IkonWheels"В"SNC031"В"IkonWheels SNC031 7x16 6x139,7/110,5 ET 10 Dia 110,5"В"7"В"16"В"6"В"139,7"В"110,5"В"10"В"110,5"ВВ"литой"В"68"В"2835"В"435"В"23742"
"1000204760"В"IkonWheels"В"SNC032"В"IkonWheels SNC032 8x16 6x139,7/110,5 ET -22 Dia 110,5"В"8"В"16"В"6"В"139,7"В"110,5"В"-22"В"110,5"ВВ"литой"В"52"В"2925"В"435"В"23739"
"1000204201"В"IkonWheels"В"SNC039"В"IkonWheels SNC039 7x16 5x127 ET 20 Dia 83,7 (CR)"В"7"В"16"В"5"В"127"В"0"В"20"В"83,7"В"CR"В"литой"В"35"В"3800"В"435"В"21646"
"1000204203"В"IkonWheels"В"SNC042"В"IkonWheels SNC042 8x16 5x114,3 ET 10 Dia 83,7 (CR)"В"8"В"16"В"5"В"114,3"В"0"В"10"В"83,7"В"CR"В"литой"В"32"В"3930"В"435"В"21648"
"1000204750"В"IkonWheels"В"SNC062"В"IkonWheels SNC062 10x15 5x139,7/108,7 ET -24 Dia 108,7 (BL)"В"10"В"15"В"5"В"139,7"В"108,7"В"-24"В"108,7"В"BL"В"литой"В"60"В"2700"В"435"В"23745"
"1000204752"В"IkonWheels"В"SNC064"В"IkonWheels SNC064 7x16 5x139,7/108,7 ET 20 Dia 108,7 (BL)"В"7"В"16"В"5"В"139,7"В"108,7"В"20"В"108,7"В"BL"В"литой"В"44"В"2835"В"435"В"23744"
"1000204754"В"IkonWheels"В"SNC065"В"IkonWheels SNC065 7x16 6x139,7/110,5 ET 10 Dia 110,5 (BL)"В"7"В"16"В"6"В"139,7"В"110,5"В"10"В"110,5"В"BL"В"литой"В"52"В"2835"В"435"В"23743"
"1000204751"В"IkonWheels"В"SNC068"В"IkonWheels SNC068 10x16 5x150/110,5 ET -10 Dia 110,5 (BL)"В"10"В"16"В"5"В"150"В"110,5"В"-10"В"110,5"В"BL"В"литой"В"31"В"3475"В"435"В"23740"
"1000204757"В"IkonWheels"В"SNC068"В"IkonWheels SNC068 8x16 5x139,7/108,7 ET -22 Dia 108,7 (BL)"В"8"В"16"В"5"В"139,7"В"108,7"В"-22"В"108,7"В"BL"В"литой"В"52"В"2925"В"435"В"23740"
"1000204758"В"IkonWheels"В"SNC068"В"IkonWheels SNC068 8x16 5x150/110,5 ET 20 Dia 110,5 (BL)"В"8"В"16"В"5"В"150"В"110,5"В"20"В"110,5"В"BL"В"литой"В"76"В"2925"В"435"В"23740"
"1000204759"В"IkonWheels"В"SNC068"В"IkonWheels SNC068 8x16 5x150/110,5 ET 20 Dia 110,5 (CR)"В"8"В"16"В"5"В"150"В"110,5"В"20"В"110,5"В"CR"В"литой"В"40"В"4205"В"435"В"23740"
"1000203214"В"KFZ"В"9037"В"KFZ 9037 5x16 6x180/138,8 ET 0 Dia 138,8"В"5"В"16"В"6"В"180"В"138,8"В"0"В"138,8"ВВ"стальной"В"2"В"3035"В"36"В"6643"
"1000204244"В"Konig"В"SH18"В"Konig SH18 7,5x18 5x114,3 ET 45 Dia 73,1 (MGMLP)"В"7,5"В"18"В"5"В"114,3"В"0"В"45"В"73,1"В"MGMLP"В"литой"В"4"В"7820"В"181"В"10834"
"220322"В"Kyowa"В"342"В"Kyowa 342 7x16 5x100 ET 38 Dia 57,1 (HP)"В"7"В"16"В"5"В"100"В"0"В"38"В"57,1"В"HP"В"литой"В"8"В"3250"В"162"В"19307"
"220323"В"Kyowa"В"342"В"Kyowa 342 7x16 5x108 ET 40 Dia 63,3 (HP)"В"7"В"16"В"5"В"108"В"0"В"40"В"63,3"В"HP"В"литой"В"4"В"3340"В"162"В"19307"
"192032"В"Kyowa"В"347"В"Kyowa 347 7x16 5x114,3 ET 40 Dia 64,1 (BKF)"В"7"В"16"В"5"В"114,3"В"0"В"40"В"64,1"В"BKF"В"литой"В"8"В"3015"В"162"В"17909"
"192028"В"Kyowa"В"347"В"Kyowa 347 7,5x17 5x108 ET 45 Dia 63,3 (BKF)"В"7,5"В"17"В"5"В"108"В"0"В"45"В"63,3"В"BKF"В"литой"В"8"В"3890"В"162"В"17909"
"175510"В"Kyowa"В"347"В"Kyowa 347 7,5x17 5x114,3 ET 45 Dia 67,1 (HP)"В"7,5"В"17"В"5"В"114,3"В"0"В"45"В"67,1"В"HP"В"литой"В"4"В"3800"В"162"В"17909"
"266454"В"Kyowa"В"348"В"Kyowa 348 7x16 5x114,3 ET 35 Dia 66,1 (HP)"В"7"В"16"В"5"В"114,3"В"0"В"35"В"66,1"В"HP"В"литой"В"4"В"3435"В"162"В"19305"
"220334"В"Kyowa"В"518"В"Kyowa 518 7,5x17 5x100 ET 42 Dia 56,1 (BKF)"В"7,5"В"17"В"5"В"100"В"0"В"42"В"56,1"В"BKF"В"литой"В"8"В"3890"В"162"В"19303"
"220335"В"Kyowa"В"518"В"Kyowa 518 7,5x17 5x112 ET 42 Dia 57,1 (BKF)"В"7,5"В"17"В"5"В"112"В"0"В"42"В"57,1"В"BKF"В"литой"В"4"В"3890"В"162"В"19303"
"227951"В"Kyowa"В"518"В"Kyowa 518 7,5x18 5x100/114,3 ET 42 Dia 73,1 (BKF)"В"7,5"В"18"В"5"В"100"В"114,3"В"42"В"73,1"В"BKF"В"литой"В"4"В"4295"В"162"В"19303"
"230555"В"Kyowa"В"580"В"Kyowa 580 6,5x15 4x100 ET 40 Dia 73,1"В"6,5"В"15"В"4"В"100"В"0"В"40"В"73,1"ВВ"литой"В"8"В"2700"В"162"В"20094"
"220357"В"Kyowa"В"591"В"Kyowa 591 7,5x17 5x112 ET 42 Dia 57,1"В"7,5"В"17"В"5"В"112"В"0"В"42"В"57,1"ВВ"литой"В"4"В"3980"В"162"В"19456"
"220358"В"Kyowa"В"591"В"Kyowa 591 7,5x17 5x112 ET 45 Dia 66,5"В"7,5"В"17"В"5"В"112"В"0"В"45"В"66,5"ВВ"литой"В"4"В"3980"В"162"В"19456"
"220360"В"Kyowa"В"591"В"Kyowa 591 7,5x17 5x114,3 ET 48 Dia 64,1"В"7,5"В"17"В"5"В"114,3"В"0"В"48"В"64,1"ВВ"литой"В"16"В"3890"В"162"В"19456"
"220359"В"Kyowa"В"591"В"Kyowa 591 7,5x17 5x114,3 ET 40 Dia 67,1"В"7,5"В"17"В"5"В"114,3"В"0"В"40"В"67,1"ВВ"литой"В"4"В"3890"В"162"В"19456"
"220361"В"Kyowa"В"591"В"Kyowa 591 7,5x17 5x114,3 ET 48 Dia 67,1"В"7,5"В"17"В"5"В"114,3"В"0"В"48"В"67,1"ВВ"литой"В"8"В"3980"В"162"В"19456"
"220364"В"Kyowa"В"591"В"Kyowa 591 7,5x18 5x114,3 ET 45 Dia 64,1"В"7,5"В"18"В"5"В"114,3"В"0"В"45"В"64,1"ВВ"литой"В"8"В"4480"В"162"В"19456"
"220365"В"Kyowa"В"591"В"Kyowa 591 7,5x18 5x114,3 ET 45 Dia 67,1"В"7,5"В"18"В"5"В"114,3"В"0"В"45"В"67,1"ВВ"литой"В"4"В"4620"В"162"В"19456"
"269869"В"Kyowa"В"630"В"Kyowa 630 7x16 5x114,3 ET 40 Dia 66,1 (HP)"В"7"В"16"В"5"В"114,3"В"0"В"40"В"66,1"В"HP"В"литой"В"8"В"3435"В"162"В"22310"
"175516"В"Kyowa"В"689B"В"Kyowa 689B 7x17 5x100 ET 45 Dia 56,1 (BKF)"В"7"В"17"В"5"В"100"В"0"В"45"В"56,1"В"BKF"В"литой"В"4"В"3525"В"162"В"17903"
"175517"В"Kyowa"В"689B"В"Kyowa 689B 7x17 5x105 ET 41 Dia 56,6 (BKF)"В"7"В"17"В"5"В"105"В"0"В"41"В"56,6"В"BKF"В"литой"В"8"В"3525"В"162"В"17903"
"192037"В"Kyowa"В"689B"В"Kyowa 689B 7x17 5x108 ET 45 Dia 63,3 (BKF)"В"7"В"17"В"5"В"108"В"0"В"45"В"63,3"В"BKF"В"литой"В"8"В"3565"В"162"В"17903"
"175518"В"Kyowa"В"689B"В"Kyowa 689B 7x17 5x108 ET 45 Dia 67,1 (BKF)"В"7"В"17"В"5"В"108"В"0"В"45"В"67,1"В"BKF"В"литой"В"8"В"3525"В"162"В"17903"
"175519"В"Kyowa"В"689B"В"Kyowa 689B 7x17 5x112 ET 43 Dia 57,1 (BKF)"В"7"В"17"В"5"В"112"В"0"В"43"В"57,1"В"BKF"В"литой"В"8"В"3525"В"162"В"17903"
"175521"В"Kyowa"В"689B"В"Kyowa 689B 7x17 5x114,3 ET 45 Dia 64,1 (BKF)"В"7"В"17"В"5"В"114,3"В"0"В"45"В"64,1"В"BKF"В"литой"В"8"В"3525"В"162"В"17903"
"175522"В"Kyowa"В"689B"В"Kyowa 689B 7x17 5x114,3 ET 45 Dia 67,1 (BKF)"В"7"В"17"В"5"В"114,3"В"0"В"45"В"67,1"В"BKF"В"литой"В"8"В"3525"В"162"В"17903"
"269871"В"Kyowa"В"716"В"Kyowa 716 8,5x20 5x112 ET 39 Dia 66,5"В"8,5"В"20"В"5"В"112"В"0"В"39"В"66,5"ВВ"литой"В"4"В"7765"В"162"В"22311"
"269870"В"Kyowa"В"716"В"Kyowa 716 8,5x20 5x112 ET 35 Dia 66,6"В"8,5"В"20"В"5"В"112"В"0"В"35"В"66,6"ВВ"литой"В"4"В"7765"В"162"В"22311"
"269873"В"Kyowa"В"759"В"Kyowa 759 9,5x22 5x120 ET 45 Dia 72,6 (HP)"В"9,5"В"22"В"5"В"120"В"0"В"45"В"72,6"В"HP"В"литой"В"4"В"8770"В"162"В"22312"
"269874"В"Kyowa"В"759"В"Kyowa 759 9,5x22 5x130 ET 45 Dia 71,6 (HP)"В"9,5"В"22"В"5"В"130"В"0"В"45"В"71,6"В"HP"В"литой"В"4"В"8770"В"162"В"22312"
"269876"В"Kyowa"В"795"В"Kyowa 795 9,5x20 5x120 ET 50 Dia 72,6"В"9,5"В"20"В"5"В"120"В"0"В"50"В"72,6"ВВ"литой"В"4"В"6580"В"162"В"22309"
"269875"В"Kyowa"В"795"В"Kyowa 795 10x22 5x130 ET 45 Dia 71,6 (BKF)"В"10"В"22"В"5"В"130"В"0"В"45"В"71,6"В"BKF"В"литой"В"4"В"9095"В"162"В"22309"
"220309"В"Kyowa"В"KR202"В"Kyowa KR202 6,5x15 4x108 ET 40 Dia 63,3 (HP)"В"6,5"В"15"В"4"В"108"В"0"В"40"В"63,3"В"HP"В"литой"В"4"В"2700"В"162"В"19308"
"220312"В"Kyowa"В"KR202"В"Kyowa KR202 6,5x15 5x112 ET 40 Dia 57,1 (HP)"В"6,5"В"15"В"5"В"112"В"0"В"40"В"57,1"В"HP"В"литой"В"8"В"2700"В"162"В"19308"
"192022"В"Kyowa"В"KR204"В"Kyowa KR204 6,5x15 4x100 ET 40 Dia 54,1 (HP)"В"6,5"В"15"В"4"В"100"В"0"В"40"В"54,1"В"HP"В"литой"В"4"В"2560"В"162"В"17904"
"192023"В"Kyowa"В"KR204"В"Kyowa KR204 6,5x15 4x100 ET 40 Dia 60,1 (HP)"В"6,5"В"15"В"4"В"100"В"0"В"40"В"60,1"В"HP"В"литой"В"8"В"2560"В"162"В"17904"
"192024"В"Kyowa"В"KR204"В"Kyowa KR204 6,5x15 4x100 ET 42 Dia 60,1 (HP)"В"6,5"В"15"В"4"В"100"В"0"В"42"В"60,1"В"HP"В"литой"В"8"В"2560"В"162"В"17904"
"175506"В"Kyowa"В"KR204"В"Kyowa KR204 6,5x15 4x114,3 ET 40 Dia 66,1 (HP)"В"6,5"В"15"В"4"В"114,3"В"0"В"40"В"66,1"В"HP"В"литой"В"8"В"2700"В"162"В"17904"
"220032"В"Kyowa"В"KR208"В"Kyowa KR208 6,5x15 5x112 ET 40 Dia 57,1 (SL)"В"6,5"В"15"В"5"В"112"В"0"В"40"В"57,1"В"SL"В"литой"В"8"В"2700"В"162"В"8785"
"175507"В"Kyowa"В"KR222"В"Kyowa KR222 7x16 4x108 ET 27 Dia 65,1 (BKF)"В"7"В"16"В"4"В"108"В"0"В"27"В"65,1"В"BKF"В"литой"В"8"В"3015"В"162"В"17908"
"230714"В"Kyowa"В"KR326"В"Kyowa KR326 6x14 4x100 ET 40 Dia 60,1 (черный)"В"6"В"14"В"4"В"100"В"0"В"40"В"60,1"В"черный"В"литой"В"8"В"2010"В"162"В"19360"
"220332"В"Kyowa"В"KR358V"В"Kyowa KR358V 7x17 5x112 ET 42 Dia 57,1"В"7"В"17"В"5"В"112"В"0"В"42"В"57,1"ВВ"литой"В"4"В"3565"В"162"В"19304"
"220333"В"Kyowa"В"KR358V"В"Kyowa KR358V 7x17 5x114,3 ET 42 Dia 67,1"В"7"В"17"В"5"В"114,3"В"0"В"42"В"67,1"ВВ"литой"В"4"В"3565"В"162"В"19304"
"220344"В"Kyowa"В"KR566"В"Kyowa KR566 7,5x18 5x114,3 ET 45 Dia 64,1 (BKF)"В"7,5"В"18"В"5"В"114,3"В"0"В"45"В"64,1"В"BKF"В"литой"В"8"В"4480"В"162"В"19462"
"32111"В"Kyowa"В"KR571"В"Kyowa KR571 8x17 5x112 ET 38 Dia 73,1"В"8"В"17"В"5"В"112"В"0"В"38"В"73,1"ВВ"---"В"4"В"5705"В"162"В"8800"
"220347"В"Kyowa"В"KR588"В"Kyowa KR588 6,5x15 5x114,3 ET 40 Dia 67,1"В"6,5"В"15"В"5"В"114,3"В"0"В"40"В"67,1"ВВ"литой"В"4"В"2835"В"162"В"19453"
"220366"В"Kyowa"В"KR609"В"Kyowa KR609 6,5x15 4x100 ET 40 Dia 54,1 (HP)"В"6,5"В"15"В"4"В"100"В"0"В"40"В"54,1"В"HP"В"литой"В"4"В"2560"В"162"В"19454"
"220367"В"Kyowa"В"KR609"В"Kyowa KR609 7x16 5x112 ET 45 Dia 57,1 (HP)"В"7"В"16"В"5"В"112"В"0"В"45"В"57,1"В"HP"В"литой"В"8"В"3250"В"162"В"19454"
"220368"В"Kyowa"В"KR609"В"Kyowa KR609 7x17 5x105 ET 40 Dia 56,6 (HP)"В"7"В"17"В"5"В"105"В"0"В"40"В"56,6"В"HP"В"литой"В"8"В"3565"В"162"В"19454"
"220369"В"Kyowa"В"KR609"В"Kyowa KR609 7x17 5x112 ET 45 Dia 57,1 (HP)"В"7"В"17"В"5"В"112"В"0"В"45"В"57,1"В"HP"В"литой"В"8"В"3565"В"162"В"19454"
"220370"В"Kyowa"В"KR614"В"Kyowa KR614 7x17 5x114,3 ET 38 Dia 66,1"В"7"В"17"В"5"В"114,3"В"0"В"38"В"66,1"ВВ"литой"В"8"В"3565"В"162"В"19458"
"220371"В"Kyowa"В"KR614"В"Kyowa KR614 7x17 5x114,3 ET 48 Dia 66,1 (HP)"В"7"В"17"В"5"В"114,3"В"0"В"48"В"66,1"В"HP"В"литой"В"8"В"3565"В"162"В"19458"
"220372"В"Kyowa"В"KR614"В"Kyowa KR614 7x17 5x114,3 ET 48 Dia 67,1"В"7"В"17"В"5"В"114,3"В"0"В"48"В"67,1"ВВ"литой"В"4"В"3565"В"162"В"19458"
"242619"В"Kyowa"В"KR628"В"Kyowa KR628 8x18 5x100/112 ET 40 Dia 73,1"В"8"В"18"В"5"В"100"В"112"В"40"В"73,1"ВВ"литой"В"4"В"4805"В"162"В"10665"
"32487"В"Kyowa"В"KR639"В"Kyowa KR639 9x20 5x114,3 ET 35 Dia 73,1"В"9"В"20"В"5"В"114,3"В"0"В"35"В"73,1"ВВ"литой"В"4"В"8225"В"162"В"10666"
"220715"В"Kyowa"В"KR701"В"Kyowa KR701 8,5x19 5x112 ET 45 Dia 66,5"В"8,5"В"19"В"5"В"112"В"0"В"45"В"66,5"ВВ"литой"В"4"В"6905"В"162"В"19461"
"220379"В"Kyowa"В"KR702"В"Kyowa KR702 8x18 5x112 ET 35 Dia 66,5"В"8"В"18"В"5"В"112"В"0"В"35"В"66,5"ВВ"литой"В"4"В"5445"В"162"В"19452"
"220380"В"Kyowa"В"KR702"В"Kyowa KR702 8x18 5x114,3 ET 35 Dia 60,1"В"8"В"18"В"5"В"114,3"В"0"В"35"В"60,1"ВВ"литой"В"4"В"5445"В"162"В"19452"
"220388"В"Kyowa"В"KR720"В"Kyowa KR720 6,5x15 4x100 ET 40 Dia 54,1"В"6,5"В"15"В"4"В"100"В"0"В"40"В"54,1"ВВ"литой"В"8"В"2700"В"162"В"19309"
"220387"В"Kyowa"В"KR720"В"Kyowa KR720 6,5x15 4x100 ET 35 Dia 56,5"В"6,5"В"15"В"4"В"100"В"0"В"35"В"56,5"ВВ"литой"В"8"В"2700"В"162"В"19309"
"220716"В"Kyowa"В"KR731"В"Kyowa KR731 9,5x19 5x120 ET 40 Dia 74,1 (GMF)"В"9,5"В"19"В"5"В"120"В"0"В"40"В"74,1"В"GMF"В"литой"В"4"В"5940"В"162"В"19464"
"192039"В"Kyowa"В"KR735"В"Kyowa KR735 6,5x15 4x100 ET 40 Dia 67,1 (BKVR)"В"6,5"В"15"В"4"В"100"В"0"В"40"В"67,1"В"BKVR"В"литой"В"8"В"2560"В"162"В"17907"
"175523"В"Kyowa"В"KR735"В"Kyowa KR735 6,5x15 4x114,3 ET 40 Dia 67,1 (GM)"В"6,5"В"15"В"4"В"114,3"В"0"В"40"В"67,1"В"GM"В"литой"В"8"В"2560"В"162"В"17907"
"192040"В"Kyowa"В"KR735"В"Kyowa KR735 6,5x15 4x114,3 ET 40 Dia 67,1 (BKVR)"В"6,5"В"15"В"4"В"114,3"В"0"В"40"В"67,1"В"BKVR"В"литой"В"8"В"2560"В"162"В"17907"
"223512"В"Kyowa"В"KR748"В"Kyowa KR748 10x20 5x120 ET 40 Dia 74,1"В"10"В"20"В"5"В"120"В"0"В"40"В"74,1"ВВ"литой"В"8"В"8185"В"162"В"19767"
"223513"В"Kyowa"В"KR748"В"Kyowa KR748 8,5x20 5x114,3 ET 38 Dia 66,1"В"8,5"В"20"В"5"В"114,3"В"0"В"38"В"66,1"ВВ"литой"В"8"В"7130"В"162"В"19767"
"220393"В"Kyowa"В"KR751"В"Kyowa KR751 6x14 4x100 ET 40 Dia 54,1 (BKF)"В"6"В"14"В"4"В"100"В"0"В"40"В"54,1"В"BKF"В"литой"В"4"В"2245"В"162"В"19459"
"220391"В"Kyowa"В"KR751"В"Kyowa KR751 6,5x15 4x100 ET 40 Dia 56,5"В"6,5"В"15"В"4"В"100"В"0"В"40"В"56,5"ВВ"литой"В"4"В"3070"В"162"В"19459"
"220394"В"Kyowa"В"KR774"В"Kyowa KR774 8x18 5x114,3 ET 38 Dia 60,1 (BKF)"В"8"В"18"В"5"В"114,3"В"0"В"38"В"60,1"В"BKF"В"литой"В"8"В"4805"В"162"В"19460"
"220718"В"Kyowa"В"KR774"В"Kyowa KR774 8x18 5x114,3 ET 42 Dia 60,1 (GMF)"В"8"В"18"В"5"В"114,3"В"0"В"42"В"60,1"В"GMF"В"литой"В"12"В"4805"В"162"В"19460"
"220396"В"Kyowa"В"KR774"В"Kyowa KR774 8x18 5x114,3 ET 45 Dia 64,1 (BKF)"В"8"В"18"В"5"В"114,3"В"0"В"45"В"64,1"В"BKF"В"литой"В"4"В"4935"В"162"В"19460"
"220395"В"Kyowa"В"KR774"В"Kyowa KR774 8x18 5x114,3 ET 38 Dia 66,1 (BKF)"В"8"В"18"В"5"В"114,3"В"0"В"38"В"66,1"В"BKF"В"литой"В"4"В"4805"В"162"В"19460"
"269630"В"Kyowa"В"KR780"В"Kyowa KR780 7,5x18 5x100 ET 48 Dia 56,1 (BKL)"В"7,5"В"18"В"5"В"100"В"0"В"48"В"56,1"В"BKL"В"литой"В"4"В"4480"В"162"В"20100"
"269631"В"Kyowa"В"KR780"В"Kyowa KR780 7,5x18 5x108 ET 48 Dia 67,1 (HP)"В"7,5"В"18"В"5"В"108"В"0"В"48"В"67,1"В"HP"В"литой"В"8"В"4805"В"162"В"20100"
"230566"В"Kyowa"В"KR780"В"Kyowa KR780 8,5x18 5x112 ET 35 Dia 66,5"В"8,5"В"18"В"5"В"112"В"0"В"35"В"66,5"ВВ"литой"В"4"В"5445"В"162"В"20100"
"266455"В"Kyowa"В"KR780"В"Kyowa KR780 8,5x18 5x112 ET 35 Dia 66,5 (BKL)"В"8,5"В"18"В"5"В"112"В"0"В"35"В"66,5"В"BKL"В"литой"В"4"В"5025"В"162"В"20100"
"269632"В"Kyowa"В"KR780"В"Kyowa KR780 8,5x18 5x112 ET 40 Dia 66,5 (BKL)"В"8,5"В"18"В"5"В"112"В"0"В"40"В"66,5"В"BKL"В"литой"В"4"В"5025"В"162"В"20100"
"230567"В"Kyowa"В"KR780"В"Kyowa KR780 8,5x18 5x112 ET 45 Dia 66,6"В"8,5"В"18"В"5"В"112"В"0"В"45"В"66,6"ВВ"литой"В"4"В"5445"В"162"В"20100"
"230568"В"Kyowa"В"KR780"В"Kyowa KR780 8,5x18 5x114,3 ET 45 Dia 67,1"В"8,5"В"18"В"5"В"114,3"В"0"В"45"В"67,1"ВВ"литой"В"3"В"5445"В"162"В"20100"
"269635"В"Kyowa"В"KR780"В"Kyowa KR780 9,5x19 5x120 ET 42 Dia 74,1 (BKL)"В"9,5"В"19"В"5"В"120"В"0"В"42"В"74,1"В"BKL"В"литой"В"8"В"5810"В"162"В"20100"
"266456"В"Kyowa"В"KR780"В"Kyowa KR780 8,5x20 5x114,3 ET 40 Dia 66,1"В"8,5"В"20"В"5"В"114,3"В"0"В"40"В"66,1"ВВ"литой"В"4"В"7455"В"162"В"20100"
"269634"В"Kyowa"В"KR780"В"Kyowa KR780 8,5x20 5x120 ET 24 Dia 72,6"В"8,5"В"20"В"5"В"120"В"0"В"24"В"72,6"ВВ"литой"В"4"В"7455"В"162"В"20100"
"255707"В"Kyowa"В"KR780"В"Kyowa KR780 10,5x22 5x114,3 ET 35 Dia 66,1"В"10,5"В"22"В"5"В"114,3"В"0"В"35"В"66,1"ВВ"литой"В"4"В"10740"В"162"В"20100"
"165490"В"LS Wheels"В"NG 141"В"LS Wheels NG 141 5,5x13 4x98 ET 35 Dia 58,6 (WF)"В"5,5"В"13"В"4"В"98"В"0"В"35"В"58,6"В"WF"В"литой"В"8"В"1830"В"122"В"4703"
"1000202753"В"Lenso"В"732"В"Lenso 732 8,5x20 14x220 ET 18 Dia 110"В"8,5"В"20"В"14"В"220"В"0"В"18"В"110"ВВ"литой"В"8"В"13155"В"146"В"6967"
"1000203005"В"Lenso"В"Apex 5"В"Lenso Apex 5 7x17 5x100/114,3 ET 42 Dia 73 (silver)"В"7"В"17"В"5"В"100"В"114,3"В"42"В"73"В"silver"В"литой"В"4"В"3290"В"146"В"6317"
"1000201996"В"Lenso"В"Authority"В"Lenso Authority 9,5x22 5x115/120 ET 15 Dia 74,1"В"9,5"В"22"В"5"В"115"В"120"В"15"В"74,1"ВВ"литой"В"3"В"13575"В"146"В"6372"
"1000202881"В"Lenso"В"Concerto"В"Lenso Concerto 8,5x20 5x120 ET 35 Dia 73 (BKI)"В"8,5"В"20"В"5"В"120"В"0"В"35"В"73"В"BKI"В"литой"В"4"В"13155"В"146"В"12417"
"124006"В"Lenso"В"D 03"В"Lenso D 03 7,5x17 5x100/114,3 ET 42 Dia 73 (HBM)"В"7,5"В"17"В"5"В"100"В"114,3"В"42"В"73"В"HBM"В"литой"В"4"В"5170"В"146"В"6475"
"1000203012"В"Lenso"В"DF 2"В"Lenso DF 2 10x20 5x114,3 ET 35 Dia 73"В"10"В"20"В"5"В"114,3"В"0"В"35"В"73"ВВ"литой"В"8"В"7675"В"146"В"6393"
"1000203395"В"Lenso"В"DF 2"В"Lenso DF 2 8,5x20 5x112 ET 35 Dia 66,56"В"8,5"В"20"В"5"В"112"В"0"В"35"В"66,56"ВВ"литой"В"4"В"13155"В"146"В"6393"
"1000202978"В"Lenso"В"DF 2"В"Lenso DF 2 9,5x22 6x139,7/108 ET 20"В"9,5"В"22"В"6"В"139,7"В"108"В"20"В"0"ВВ"литой"В"4"В"7765"В"146"В"6393"
"1000203411"В"Lenso"В"DMS 9"В"Lenso DMS 9 6,5x15 5x112 ET 38 Dia 72,6 (H/S)"В"6,5"В"15"В"5"В"112"В"0"В"38"В"72,6"В"H/S"В"литой"В"1"В"3015"В"146"В"6395"
"1000201253"В"Lenso"В"DMS 9"В"Lenso DMS 9 7x16 5x112 ET 38 Dia 72,6 (H/S)"В"7"В"16"В"5"В"112"В"0"В"38"В"72,6"В"H/S"В"литой"В"3"В"3015"В"146"В"6395"
"1000202642"В"Lenso"В"DMS 9"В"Lenso DMS 9 8x18 5x100 ET 35 Dia 72,6 (черный)"В"8"В"18"В"5"В"100"В"0"В"35"В"72,6"В"черный"В"литой"В"2"В"4205"В"146"В"6395"
"1000203108"В"Lenso"В"Dominator"В"Lenso Dominator 10x20 6x135 ET 0 (черный)"В"10"В"20"В"6"В"135"В"0"В"0"В"0"В"черный"В"литой"В"1"В"12060"В"146"В"16457"
"1000202122"В"Lenso"В"Eminence"В"Lenso Eminence 8,5x20 5x114,3/120 ET 40 Dia 73 (хром)"В"8,5"В"20"В"5"В"114,3"В"120"В"40"В"73"В"хром"В"литой"В"4"В"15350"В"146"В"6401"
"1000201354"В"Lenso"В"Eurostyle 5 (Shonan)"В"Lenso Eurostyle 5 (Shonan) 8,5x20 5x114,3 ET 45 Dia 73 (BKF)"В"8,5"В"20"В"5"В"114,3"В"0"В"45"В"73"В"BKF"В"литой"В"8"В"14305"В"146"В"13222"
"1000202853"В"Lenso"В"GR 4"В"Lenso GR 4 7x17 4x108 ET 25 Dia 65,1 (WM)"В"7"В"17"В"4"В"108"В"0"В"25"В"65,1"В"WM"В"литой"В"1"В"5900"В"146"В"6413"
"1000202631"В"Lenso"В"GR 4"В"Lenso GR 4 7x17 5x114,3 ET 40 Dia 73 (HBM)"В"7"В"17"В"5"В"114,3"В"0"В"40"В"73"В"HBM"В"литой"В"4"В"6450"В"146"В"6413"
"150006"В"Lenso"В"GT 5"В"Lenso GT 5 8,5x19 5x114,3 ET 45 Dia 73"В"8,5"В"19"В"5"В"114,3"В"0"В"45"В"73"ВВ"литой"В"4"В"6580"В"146"В"6416"
"1000202164"В"Lenso"В"Grande 1"В"Lenso Grande 1 8,5x20 5x112/114,3 ET 43 Dia 73 (BKI)"В"8,5"В"20"В"5"В"112"В"114,3"В"43"В"73"В"BKI"В"литой"В"4"В"13155"В"146"В"6381"
"1000203648"В"Lenso"В"Grande 2"В"Lenso Grande 2 8,5x20 5x112/114,3 ET 35 Dia 73 (BKI)"В"8,5"В"20"В"5"В"112"В"114,3"В"35"В"73"В"BKI"В"литой"В"4"В"13155"В"146"В"6382"
"1000202981"В"Lenso"В"Intimidator 2"В"Lenso Intimidator 2 9x18 8x170/125 ET 10 (SF)"В"9"В"18"В"8"В"170"В"125"В"10"В"0"В"SF"В"литой"В"8"В"4385"В"146"В"6332"
"1000204241"В"Lenso"В"Konvex"В"Lenso Konvex 8x17 5x114,3 ET 40 Dia 73 (HSM)"В"8"В"17"В"5"В"114,3"В"0"В"40"В"73"В"HSM"В"литой"В"4"В"3655"В"146"В"6429"
"150010"В"Lenso"В"Konvex"В"Lenso Konvex 9,5x19 5x112 ET 40 Dia 66,6 (HBM)"В"9,5"В"19"В"5"В"112"В"0"В"40"В"66,6"В"HBM"В"литой"В"8"В"10965"В"146"В"6429"
"1000201209"В"Lenso"В"LS 11"В"Lenso LS 11 7,5x18 5x112 ET 35 Dia 73 (HB)"В"7,5"В"18"В"5"В"112"В"0"В"35"В"73"В"HB"В"литой"В"4"В"2925"В"146"В"6338"
"1000201404"В"Lenso"В"LS 5"В"Lenso LS 5 8x19 5x112 ET 35 Dia 73 (HBM)"В"8"В"19"В"5"В"112"В"0"В"35"В"73"В"HBM"В"литой"В"3"В"7035"В"146"В"6444"
"1000203011"В"Lenso"В"LS 5"В"Lenso LS 5 8,5x20 5x114,3 ET 38 Dia 73"В"8,5"В"20"В"5"В"114,3"В"0"В"38"В"73"ВВ"литой"В"4"В"7675"В"146"В"6444"
"1000201416"В"Lenso"В"LS 7"В"Lenso LS 7 9,5x22 5x135 ET 18 Dia 87 (HB)"В"9,5"В"22"В"5"В"135"В"0"В"18"В"87"В"HB"В"литой"В"4"В"13575"В"146"В"6445"
"1000202148"В"Lenso"В"LS 9"В"Lenso LS 9 9x22 5x127/135 ET 18 Dia 73 (HB)"В"9"В"22"В"5"В"127"В"135"В"18"В"73"В"HB"В"литой"В"3"В"13575"В"146"В"6446"
"1000204704"В"Lenso"В"MC7/B"В"Lenso MC7/B 7x17 5x114,3 ET 54 Dia 70,6 (черный)"В"7"В"17"В"5"В"114,3"В"0"В"54"В"70,6"В"черный"В"литой"В"5"В"3200"В"146"В"12432"
"1000201422"В"Lenso"В"Monaco"В"Lenso Monaco 9x20 5x114,3 ET 45 Dia 73"В"9"В"20"В"5"В"114,3"В"0"В"45"В"73"ВВ"литой"В"4"В"13155"В"146"В"6398"
"1000202846"В"Lenso"В"NJ 6"В"Lenso NJ 6 7,5x15 6x139,7/100 ET 20 (HSM)"В"7,5"В"15"В"6"В"139,7"В"100"В"20"В"0"В"HSM"В"литой"В"4"В"3525"В"146"В"6461"
"1000202991"В"Lenso"В"Premiere"В"Lenso Premiere 7,5x17 5x114,3 ET 40 Dia 73 (SF)"В"7,5"В"17"В"5"В"114,3"В"0"В"40"В"73"В"SF"В"литой"В"8"В"3290"В"146"В"6480"
"1000202998"В"Lenso"В"RA"В"Lenso RA 7x15 5x139,7/108 ET 0 (silver)"В"7"В"15"В"5"В"139,7"В"108"В"0"В"0"В"silver"В"литой"В"2"В"2010"В"146"В"6483"
"1000201426"В"Lenso"В"RT 7"В"Lenso RT 7 9x20 6x139,7/110 ET 20 (MBRG)"В"9"В"20"В"6"В"139,7"В"110"В"20"В"0"В"MBRG"В"литой"В"4"В"13155"В"146"В"6489"
"1000201427"В"Lenso"В"RT 7"В"Lenso RT 7 9x20 6x139,7/110 ET 20"В"9"В"20"В"6"В"139,7"В"110"В"20"В"0"ВВ"литой"В"8"В"9135"В"146"В"6489"
"1000202306"В"Lenso"В"RT 8"В"Lenso RT 8 7,5x15 6x139,7/110 ET 20 (HKE)"В"7,5"В"15"В"6"В"139,7"В"110"В"20"В"0"В"HKE"В"литой"В"4"В"3890"В"146"В"6491"
"78256"В"Lenso"В"S 7"В"Lenso S 7 7x16 5x100/110 ET 40 Dia 73 (silver)"В"7"В"16"В"5"В"100"В"110"В"40"В"73"В"silver"В"литой"В"4"В"4845"В"146"В"6355"
"127173"В"Lenso"В"SC 01"В"Lenso SC 01 6,5x15 4x100/108 ET 38 Dia 73 (HBF)"В"6,5"В"15"В"4"В"100"В"108"В"38"В"73"В"HBF"В"литой"В"2"В"2010"В"146"В"6497"
"137047"В"Lenso"В"SC 01"В"Lenso SC 01 6,5x15 4x100/108 ET 38 Dia 73 (CFR)"В"6,5"В"15"В"4"В"100"В"108"В"38"В"73"В"CFR"В"литой"В"2"В"2010"В"146"В"6497"
"136097"В"Lenso"В"SC 3X"В"Lenso SC 3X 8x18 5x112/120 ET 45 Dia 72,5 (BKL)"В"8"В"18"В"5"В"112"В"120"В"45"В"72,5"В"BKL"В"литой"В"4"В"4385"В"146"В"6502"
"62863"В"Lenso"В"SL 1"В"Lenso SL 1 7,5x17 5x112 ET 38 Dia 66,6 (BKF)"В"7,5"В"17"В"5"В"112"В"0"В"38"В"66,6"В"BKF"В"литой"В"4"В"3290"В"146"В"6514"
"62864"В"Lenso"В"SL 1"В"Lenso SL 1 7,5x17 5x114,3 ET 42 Dia 73 (BKF)"В"7,5"В"17"В"5"В"114,3"В"0"В"42"В"73"В"BKF"В"литой"В"2"В"2195"В"146"В"6514"
"149957"В"Lenso"В"Shu"В"Lenso Shu 7,5x18 5x112/120 ET 35 Dia 72,6 (SL)"В"7,5"В"18"В"5"В"112"В"120"В"35"В"72,6"В"SL"В"литой"В"4"В"2925"В"146"В"6357"
"136098"В"Lenso"В"TC Evo"В"Lenso TC Evo 7,5x18 4x100/114,3 ET 42 Dia 73 (silver)"В"7,5"В"18"В"4"В"100"В"114,3"В"42"В"73"В"silver"В"литой"В"4"В"4385"В"146"В"6531"
"85450"В"Lenso"В"Titan"В"Lenso Titan 9x20 5x112/114,3 ET 37 Dia 73 (titan)"В"9"В"20"В"5"В"112"В"114,3"В"37"В"73"В"titan"В"литой"В"4"В"9135"В"146"В"6535"
"1000201392"В"Lenso"В"WideTrack"В"Lenso WideTrack 8x18 5x114,3 ET 35 Dia 73 (HBK)"В"8"В"18"В"5"В"114,3"В"0"В"35"В"73"В"HBK"В"литой"В"4"В"8315"В"146"В"6557"
"1000202537"В"MOB"В"Accardo"В"MOB Accardo 8,5x20 5x112/114,3 ET 38"В"8,5"В"20"В"5"В"112"В"114,3"В"38"В"0"ВВ"литой"В"4"В"14255"В"310"В"15313"
"1000203995"В"MOB"В"Accardo"В"MOB Accardo 8,5x20 5x112/114,3 ET 38 Dia 74,1 (хром)"В"8,5"В"20"В"5"В"112"В"114,3"В"38"В"74,1"В"хром"В"литой"В"4"В"14070"В"310"В"15313"
"1000202583"В"MOB"В"Torrio"В"MOB Torrio 9x20 6x127/135 ET 24 (хром)"В"9"В"20"В"6"В"127"В"135"В"24"В"0"В"хром"В"литой"В"4"В"13065"В"310"В"15312"
"1000204597"В"Magnetto"В"Focus II"В"Magnetto Focus II 6x15 5x108 ET 52,5 Dia 63,3"В"6"В"15"В"5"В"108"В"0"В"52,5"В"63,3"ВВ"стальной"В"12"В"1375"В"200"В"22939"
"1000203825"В"Mak"В"Strada"В"Mak Strada 8x18 6x139,7/106,1 ET 30 Dia 106,1"В"8"В"18"В"6"В"139,7"В"106,1"В"30"В"106,1"ВВ"литой"В"4"В"8000"В"48"В"10360"
"1000203040"В"Milanni"В"Stalker"В"Milanni Stalker 8x20 5x112/114,3 ET 38"В"8"В"20"В"5"В"112"В"114,3"В"38"В"0"ВВ"литой"В"4"В"16120"В"352"В"16467"
"1000203907"В"PDW"В"350"В"PDW 350 7x17 5x105 ET 30 Dia 56,1"В"7"В"17"В"5"В"105"В"0"В"30"В"56,1"ВВ"литой"В"12"В"5350"В"324"В"20123"
"1000204453"В"PDW"В"539 Nova"В"PDW 539 Nova 7x17 5x108 ET 40 Dia 65,1 (MB)"В"7"В"17"В"5"В"108"В"0"В"40"В"65,1"В"MB"В"литой"В"12"В"3890"В"324"В"16204"
"1000203911"В"PDW"В"539 Nova"В"PDW 539 Nova 7x18 5x100 ET 45 Dia 56,1 (MB)"В"7"В"18"В"5"В"100"В"0"В"45"В"56,1"В"MB"В"литой"В"8"В"4845"В"324"В"16204"
"1000204457"В"PDW"В"539 Nova"В"PDW 539 Nova 7x18 5x114,3 ET 40 Dia 73,1 (MB)"В"7"В"18"В"5"В"114,3"В"0"В"40"В"73,1"В"MB"В"литой"В"16"В"4755"В"324"В"16204"
"1000204489"В"PDW"В"555 Antra-5"В"PDW 555 Antra-5 8x18 5x114,3 ET 45 Dia 73,1 (графит)"В"8"В"18"В"5"В"114,3"В"0"В"45"В"73,1"В"графит"В"литой"В"16"В"4755"В"324"В"16202"
"1000203952"В"PDW"В"572 VN-10"В"PDW 572 VN-10 8x18 5x114,3 ET 45 Dia 73,1 (HB)"В"8"В"18"В"5"В"114,3"В"0"В"45"В"73,1"В"HB"В"литой"В"4"В"5575"В"324"В"16205"
"1000204645"В"PDW"В"576 Fuzion"В"PDW 576 Fuzion 8x18 5x114,3 ET 6 Dia 70,7"В"8"В"18"В"5"В"114,3"В"0"В"6"В"70,7"ВВ"литой"В"4"В"4480"В"324"В"16201"
"1000204452"В"PDW"В"606 Alpina"В"PDW 606 Alpina 7x17 5x100/114,3 ET 40 Dia 73,1"В"7"В"17"В"5"В"100"В"114,3"В"40"В"73,1"ВВ"литой"В"16"В"3890"В"324"В"16211"
"1000203901"В"PDW"В"713"В"PDW 713 7x16 4x100/108 ET 35 Dia 67,1"В"7"В"16"В"4"В"100"В"108"В"35"В"67,1"ВВ"литой"В"8"В"4165"В"324"В"20121"
"1000203928"В"PDW"В"723"В"PDW 723 8x19 5x120 ET 45 Dia 73,1"В"8"В"19"В"5"В"120"В"0"В"45"В"73,1"ВВ"литой"В"4"В"5390"В"324"В"20125"
"1000204601"В"PDW"В"833 CBK-2"В"PDW 833 CBK-2 7x17 4x108 ET 35 Dia 65,1"В"7"В"17"В"4"В"108"В"0"В"35"В"65,1"ВВ"литой"В"4"В"4385"В"324"В"22924"
"1000203925"В"PDW"В"871 HB-R"В"PDW 871 HB-R 8x18 5x114,3 ET 45 Dia 73,1"В"8"В"18"В"5"В"114,3"В"0"В"45"В"73,1"ВВ"литой"В"4"В"5810"В"324"В"16224"
"1000204484"В"PDW"В"890 C-16"В"PDW 890 C-16 8,5x19 5x114,3 ET 45 Dia 73,1 (SCL HB)"В"8,5"В"19"В"5"В"114,3"В"0"В"45"В"73,1"В"SCL HB"В"литой"В"4"В"6580"В"324"В"16207"
"1000204493"В"PTW"В"364"В"PTW 364 9x20 5x150/110,1 ET 35 Dia 110,1"В"9"В"20"В"5"В"150"В"110,1"В"35"В"110,1"ВВ"литой"В"12"В"6175"В"417"В"22354"
"1000204495"В"PTW"В"515"В"PTW 515 5,5x14 4x100 ET 43 Dia 60,1 (silver)"В"5,5"В"14"В"4"В"100"В"0"В"43"В"60,1"В"silver"В"литой"В"4"В"1970"В"417"В"22347"
"1000204482"В"PTW"В"539"В"PTW 539 7x16 5x114,3 ET 40 Dia 73,1 (MB)"В"7"В"16"В"5"В"114,3"В"0"В"40"В"73,1"В"MB"В"литой"В"12"В"3110"В"417"В"22352"
"1000204487"В"PTW"В"555"В"PTW 555 8x18 5x112 ET 35 Dia 66,6 (графит)"В"8"В"18"В"5"В"112"В"0"В"35"В"66,6"В"графит"В"литой"В"12"В"4755"В"417"В"22355"
"1000204483"В"PTW"В"606"В"PTW 606 7x17 5x114,3 ET 40 Dia 73,1 (черный)"В"7"В"17"В"5"В"114,3"В"0"В"40"В"73,1"В"черный"В"литой"В"12"В"3890"В"417"В"22353"
"1000204480"В"PTW"В"831"В"PTW 831 7x16 4x114,3 ET 40 Dia 74,1 (BRL)"В"7"В"16"В"4"В"114,3"В"0"В"40"В"74,1"В"BRL"В"литой"В"8"В"3110"В"417"В"22350"
"1000204496"В"PTW"В"833"В"PTW 833 6,5x15 4x108 ET 35 Dia 67,1 (MLW)"В"6,5"В"15"В"4"В"108"В"0"В"35"В"67,1"В"MLW"В"литой"В"8"В"2470"В"417"В"22349"
"1000204497"В"PTW"В"833"В"PTW 833 6,5x15 4x114,3 ET 38 Dia 67,1 (silver)"В"6,5"В"15"В"4"В"114,3"В"0"В"38"В"67,1"В"silver"В"литой"В"8"В"2470"В"417"В"22349"
"1000204498"В"PTW"В"833"В"PTW 833 6,5x15 4x98 ET 35 Dia 58,6 (silver)"В"6,5"В"15"В"4"В"98"В"0"В"35"В"58,6"В"silver"В"литой"В"4"В"2470"В"417"В"22349"
"1000204499"В"PTW"В"833"В"PTW 833 6,5x15 5x100 ET 38 Dia 73,1 (silver)"В"6,5"В"15"В"5"В"100"В"0"В"38"В"73,1"В"silver"В"литой"В"4"В"2470"В"417"В"22349"
"232848"В"PTW"В"P1069"В"PTW P1069 6,5x15 5x114,3 ET 40 Dia 64,1"В"6,5"В"15"В"5"В"114,3"В"0"В"40"В"64,1"ВВ"литой"В"4"В"2520"В"417"В"20165"
"232858"В"PTW"В"P1201"В"PTW P1201 5,5x13 4x114,3 ET 35 Dia 69,1"В"5,5"В"13"В"4"В"114,3"В"0"В"35"В"69,1"ВВ"литой"В"16"В"1700"В"417"В"20164"
"232860"В"PTW"В"P1374"В"PTW P1374 6,5x15 5x114,3 ET 40 Dia 64,1"В"6,5"В"15"В"5"В"114,3"В"0"В"40"В"64,1"ВВ"литой"В"4"В"2520"В"417"В"20166"
"232866"В"PTW"В"P1520"В"PTW P1520 6x15 5x114,3 ET 45 Dia 64,1"В"6"В"15"В"5"В"114,3"В"0"В"45"В"64,1"ВВ"литой"В"4"В"2380"В"417"В"20174"
"232865"В"PTW"В"P1520"В"PTW P1520 6,5x16 5x114,3 ET 53 Dia 64,1"В"6,5"В"16"В"5"В"114,3"В"0"В"53"В"64,1"ВВ"литой"В"4"В"3015"В"417"В"20174"
"232869"В"PTW"В"P1551"В"PTW P1551 7x17 5x100 ET 48 Dia 56,1"В"7"В"17"В"5"В"100"В"0"В"48"В"56,1"ВВ"литой"В"8"В"3475"В"417"В"20177"
"232871"В"PTW"В"P1586"В"PTW P1586 7x16 5x112 ET 42 Dia 57,1"В"7"В"16"В"5"В"112"В"0"В"42"В"57,1"ВВ"литой"В"4"В"3015"В"417"В"20176"
"232872"В"PTW"В"P1586"В"PTW P1586 7x16 5x112 ET 42 Dia 66,6"В"7"В"16"В"5"В"112"В"0"В"42"В"66,6"ВВ"литой"В"8"В"3015"В"417"В"20176"
"232875"В"PTW"В"P1609"В"PTW P1609 6,5x16 5x114,3 ET 45 Dia 60,1"В"6,5"В"16"В"5"В"114,3"В"0"В"45"В"60,1"ВВ"литой"В"4"В"3015"В"417"В"20173"
"1000204024"В"RS Wheels"В"032"В"RS Wheels 032 6x14 4x100 ET 40 Dia 67,1"В"6"В"14"В"4"В"100"В"0"В"40"В"67,1"ВВ"литой"В"4"В"1970"В"151"В"16356"
"1000203673"В"RS Wheels"В"086"В"RS Wheels 086 6,5x15 4x100 ET 35 Dia 67,1 (MB)"В"6,5"В"15"В"4"В"100"В"0"В"35"В"67,1"В"MB"В"литой"В"4"В"2470"В"151"В"7339"
"1000203792"В"RS Wheels"В"086"В"RS Wheels 086 8,5x20 5x127 ET 20 Dia 87,1"В"8,5"В"20"В"5"В"127"В"0"В"20"В"87,1"ВВ"литой"В"4"В"15215"В"151"В"7339"
"1000203794"В"RS Wheels"В"086"В"RS Wheels 086 8,5x20 5x135 ET 18 Dia 87,1"В"8,5"В"20"В"5"В"135"В"0"В"18"В"87,1"ВВ"литой"В"4"В"15215"В"151"В"7339"
"1000204026"В"RS Wheels"В"101"В"RS Wheels 101 6x14 4x100 ET 40 Dia 67,1 (MS)"В"6"В"14"В"4"В"100"В"0"В"40"В"67,1"В"MS"В"---"В"16"В"1970"В"151"В"7343"
"1000203772"В"RS Wheels"В"101T"В"RS Wheels 101T 7x16 5x100 ET 45 Dia 69,1 (H/S)"В"7"В"16"В"5"В"100"В"0"В"45"В"69,1"В"H/S"В"литой"В"4"В"2885"В"151"В"19046"
"1000203918"В"RS Wheels"В"117"В"RS Wheels 117 8x18 5x100 ET 35 Dia 57,1 (H/S)"В"8"В"18"В"5"В"100"В"0"В"35"В"57,1"В"H/S"В"литой"В"4"В"4530"В"151"В"20113"
"1000203920"В"RS Wheels"В"117"В"RS Wheels 117 8x18 5x112 ET 42 Dia 66,6 (GR)"В"8"В"18"В"5"В"112"В"0"В"42"В"66,6"В"GR"В"литой"В"4"В"4530"В"151"В"20113"
"1000204602"В"RS Wheels"В"157"В"RS Wheels 157 5x15 4x100 ET 47 Dia 67,1 (MB)"В"5"В"15"В"4"В"100"В"0"В"47"В"67,1"В"MB"В"литой"В"4"В"2470"В"151"В"22927"
"1000204586"В"RS Wheels"В"191"В"RS Wheels 191 5,5x14 4x100 ET 40 Dia 67,1 (silver)"В"5,5"В"14"В"4"В"100"В"0"В"40"В"67,1"В"silver"В"литой"В"8"В"1970"В"151"В"20109"
"1000203905"В"RS Wheels"В"191"В"RS Wheels 191 7x17 4x114,3 ET 40 Dia 73,1 (DGM)"В"7"В"17"В"4"В"114,3"В"0"В"40"В"73,1"В"DGM"В"литой"В"3"В"3340"В"151"В"20109"
"1000203730"В"RS Wheels"В"202"В"RS Wheels 202 7,5x17 5x112 ET 35 Dia 66,6 (графит)"В"7,5"В"17"В"5"В"112"В"0"В"35"В"66,6"В"графит"В"---"В"4"В"3890"В"151"В"7347"
"1000204292"В"RS Wheels"В"202"В"RS Wheels 202 8,5x18 5x112 ET 35 Dia 66,6 (графит)"В"8,5"В"18"В"5"В"112"В"0"В"35"В"66,6"В"графит"В"---"В"8"В"4755"В"151"В"7347"
"1000204579"В"RS Wheels"В"202"В"RS Wheels 202 8,5x19 5x112 ET 35 Dia 66,6 (графит)"В"8,5"В"19"В"5"В"112"В"0"В"35"В"66,6"В"графит"В"---"В"8"В"6395"В"151"В"7347"
"1000204591"В"RS Wheels"В"212"В"RS Wheels 212 8,5x18 5x112 ET 35 Dia 66,6 (MB графит)"В"8,5"В"18"В"5"В"112"В"0"В"35"В"66,6"В"MB графит"В"литой"В"4"В"4755"В"151"В"22938"
"1000203857"В"RS Wheels"В"217"В"RS Wheels 217 7x16 5x120 ET 20 Dia 74,1 (H/S)"В"7"В"16"В"5"В"120"В"0"В"20"В"74,1"В"H/S"В"---"В"4"В"2745"В"151"В"7350"
"1000204090"В"RS Wheels"В"243"В"RS Wheels 243 6x14 4x100 ET 40 Dia 67,1 (MB)"В"6"В"14"В"4"В"100"В"0"В"40"В"67,1"В"MB"В"литой"В"3"В"1970"В"151"В"21130"
"247751"В"RS Wheels"В"243"В"RS Wheels 243 6x14 4x98 ET 35 Dia 58,6 (MB)"В"6"В"14"В"4"В"98"В"0"В"35"В"58,6"В"MB"В"литой"В"4"В"1970"В"151"В"21130"
"1000204199"В"RS Wheels"В"256"В"RS Wheels 256 8,5x18 5x114,3 ET 45 Dia 73,1 (MB)"В"8,5"В"18"В"5"В"114,3"В"0"В"45"В"73,1"В"MB"В"литой"В"8"В"4295"В"151"В"21644"
"1000204647"В"RS Wheels"В"258"В"RS Wheels 258 5,5x13 4x98 ET 0 Dia 58,6 (графит)"В"5,5"В"13"В"4"В"98"В"0"В"0"В"58,6"В"графит"В"литой"В"12"В"1645"В"151"В"23198"
"1000204268"В"RS Wheels"В"269"В"RS Wheels 269 8x16 6x139,7/110,5 ET 10 Dia 110,5 (MB)"В"8"В"16"В"6"В"139,7"В"110,5"В"10"В"110,5"В"MB"В"литой"В"4"В"3200"В"151"В"21132"
"1000203899"В"RS Wheels"В"270"В"RS Wheels 270 7x15 5x139,7/108,5 ET 20 Dia 108,5 (MB)"В"7"В"15"В"5"В"139,7"В"108,5"В"20"В"108,5"В"MB"В"литой"В"8"В"2470"В"151"В"20111"
"1000204697"В"RS Wheels"В"270"В"RS Wheels 270 8x16 5x139,7 ET 10 Dia 98,5 (MB)"В"8"В"16"В"5"В"139,7"В"0"В"10"В"98,5"В"MB"В"литой"В"4"В"3070"В"151"В"20111"
"1000204643"В"RS Wheels"В"274"В"RS Wheels 274 8x17 5x112 ET 40 Dia 66,6 (MS)"В"8"В"17"В"5"В"112"В"0"В"40"В"66,6"В"MS"В"литой"В"8"В"3890"В"151"В"23201"
"165949"В"RS Wheels"В"280"В"RS Wheels 280 5,5x13 4x100 ET 40 Dia 69,1 (MLB)"В"5,5"В"13"В"4"В"100"В"0"В"40"В"69,1"В"MLB"В"литой"В"8"В"1645"В"151"В"7362"
"1000203414"В"RS Wheels"В"280"В"RS Wheels 280 5,5x13 4x98 ET 35 Dia 58,6 (MLB)"В"5,5"В"13"В"4"В"98"В"0"В"35"В"58,6"В"MLB"В"литой"В"16"В"1700"В"151"В"7362"
"247753"В"RS Wheels"В"280"В"RS Wheels 280 6x14 4x100 ET 40 Dia 67,1 (MLB)"В"6"В"14"В"4"В"100"В"0"В"40"В"67,1"В"MLB"В"литой"В"24"В"1970"В"151"В"7362"
"1000204687"В"RS Wheels"В"280"В"RS Wheels 280 6x14 4x100 ET 40 Dia 67,1 (MLW)"В"6"В"14"В"4"В"100"В"0"В"40"В"67,1"В"MLW"В"литой"В"20"В"2010"В"151"В"7362"
"165951"В"RS Wheels"В"280"В"RS Wheels 280 6x14 4x98 ET 38 Dia 58,6 (MLB)"В"6"В"14"В"4"В"98"В"0"В"38"В"58,6"В"MLB"В"литой"В"24"В"1970"В"151"В"7362"
"1000204285"В"RS Wheels"В"280"В"RS Wheels 280 6x15 4x98 ET 38 Dia 58,6 (MLB)"В"6"В"15"В"4"В"98"В"0"В"38"В"58,6"В"MLB"В"литой"В"8"В"2470"В"151"В"7362"
"1000204695"В"RS Wheels"В"280"В"RS Wheels 280 7x16 5x114,3 ET 45 Dia 73,1 (MLB)"В"7"В"16"В"5"В"114,3"В"0"В"45"В"73,1"В"MLB"В"литой"В"24"В"3070"В"151"В"7362"
"1000204644"В"RS Wheels"В"282"В"RS Wheels 282 8x17 5x112 ET 40 Dia 66,6 (графит)"В"8"В"17"В"5"В"112"В"0"В"40"В"66,6"В"графит"В"литой"В"12"В"3890"В"151"В"23203"
"1000204640"В"RS Wheels"В"282"В"RS Wheels 282 8,5x18 5x112 ET 35 Dia 66,6 (графит)"В"8,5"В"18"В"5"В"112"В"0"В"35"В"66,6"В"графит"В"литой"В"8"В"4755"В"151"В"23203"
"1000204641"В"RS Wheels"В"282"В"RS Wheels 282 8,5x18 5x112 ET 40 Dia 66,6 (графит)"В"8,5"В"18"В"5"В"112"В"0"В"40"В"66,6"В"графит"В"литой"В"8"В"4755"В"151"В"23203"
"1000204642"В"RS Wheels"В"282"В"RS Wheels 282 8,5x19 5x112 ET 40 Dia 66,6 (графит)"В"8,5"В"19"В"5"В"112"В"0"В"40"В"66,6"В"графит"В"литой"В"8"В"6395"В"151"В"23203"
"1000203608"В"RS Wheels"В"315"В"RS Wheels 315 6x15 4x114,3 ET 45 Dia 73,1 (MB)"В"6"В"15"В"4"В"114,3"В"0"В"45"В"73,1"В"MB"В"литой"В"4"В"2470"В"151"В"18541"
"255701"В"RS Wheels"В"316"В"RS Wheels 316 6,5x16 5x105 ET 39 Dia 56,6"В"6,5"В"16"В"5"В"105"В"0"В"39"В"56,6"ВВ"литой"В"4"В"3110"В"151"В"18793"
"1000204284"В"RS Wheels"В"316"В"RS Wheels 316 6,5x16 5x108 ET 45 Dia 63,4"В"6,5"В"16"В"5"В"108"В"0"В"45"В"63,4"ВВ"литой"В"8"В"3110"В"151"В"18793"
"1000204170"В"RS Wheels"В"316"В"RS Wheels 316 6,5x16 5x108 ET 45 Dia 73,1 (MB)"В"6,5"В"16"В"5"В"108"В"0"В"45"В"73,1"В"MB"В"литой"В"8"В"2975"В"151"В"18793"
"255702"В"RS Wheels"В"316"В"RS Wheels 316 6,5x16 5x114,3 ET 45 Dia 67,1 (MB)"В"6,5"В"16"В"5"В"114,3"В"0"В"45"В"67,1"В"MB"В"литой"В"4"В"3070"В"151"В"18793"
"1000204560"В"RS Wheels"В"316"В"RS Wheels 316 7x16 5x110 ET 40 Dia 73,1"В"7"В"16"В"5"В"110"В"0"В"40"В"73,1"ВВ"литой"В"4"В"3070"В"151"В"18793"
"1000204684"В"RS Wheels"В"32"В"RS Wheels 32 5,5x13 4x98 ET 38 Dia 58,6 (silver)"В"5,5"В"13"В"4"В"98"В"0"В"38"В"58,6"В"silver"В"---"В"12"В"1645"В"151"В"7341"
"1000204688"В"RS Wheels"В"32"В"RS Wheels 32 6x14 4x100 ET 40 Dia 67,1 (H/S)"В"6"В"14"В"4"В"100"В"0"В"40"В"67,1"В"H/S"В"---"В"4"В"2010"В"151"В"7341"
"249896"В"RS Wheels"В"324"В"RS Wheels 324 6x14 4x100 ET 40 Dia 67,1 (MLB)"В"6"В"14"В"4"В"100"В"0"В"40"В"67,1"В"MLB"В"литой"В"8"В"1970"В"151"В"20108"
"1000204500"В"RS Wheels"В"326"В"RS Wheels 326 6,5x16 5x108 ET 45 Dia 73,1 (MB)"В"6,5"В"16"В"5"В"108"В"0"В"45"В"73,1"В"MB"В"литой"В"8"В"2975"В"151"В"22356"
"1000203819"В"RS Wheels"В"331"В"RS Wheels 331 6x14 4x100 ET 40 Dia 67,1 (MB)"В"6"В"14"В"4"В"100"В"0"В"40"В"67,1"В"MB"В"литой"В"4"В"1970"В"151"В"18720"
"1000203820"В"RS Wheels"В"331"В"RS Wheels 331 6x14 4x98 ET 35 Dia 58,6 (MB)"В"6"В"14"В"4"В"98"В"0"В"35"В"58,6"В"MB"В"литой"В"4"В"1970"В"151"В"18720"
"1000203900"В"RS Wheels"В"339"В"RS Wheels 339 7x15 5x139,7 ET 25 Dia 98,5 (MB)"В"7"В"15"В"5"В"139,7"В"0"В"25"В"98,5"В"MB"В"литой"В"3"В"2560"В"151"В"20110"
"1000204200"В"RS Wheels"В"348"В"RS Wheels 348 8x20 5x114,3 ET 45 Dia 73,1"В"8"В"20"В"5"В"114,3"В"0"В"45"В"73,1"ВВ"литой"В"12"В"6670"В"151"В"21645"
"1000204411"В"RS Wheels"В"349"В"RS Wheels 349 8x16 5x139,7/108,5 ET 0 Dia 108,5 (MLB)"В"8"В"16"В"5"В"139,7"В"108,5"В"0"В"108,5"В"MLB"В"литой"В"19"В"3070"В"151"В"22085"
"1000204646"В"RS Wheels"В"350"В"RS Wheels 350 8x19 5x120 ET 37 Dia 72,6 (SMF)"В"8"В"19"В"5"В"120"В"0"В"37"В"72,6"В"SMF"В"литой"В"8"В"6395"В"151"В"23204"
"1000204590"В"RS Wheels"В"352"В"RS Wheels 352 6,5x16 5x108 ET 43 Dia 63,4 (MB)"В"6,5"В"16"В"5"В"108"В"0"В"43"В"63,4"В"MB"В"литой"В"6"В"2975"В"151"В"22935"
"1000204599"В"RS Wheels"В"352"В"RS Wheels 352 7x16 5x112 ET 35 Dia 66,6 (MB)"В"7"В"16"В"5"В"112"В"0"В"35"В"66,6"В"MB"В"литой"В"2"В"2975"В"151"В"22935"
"1000204198"В"RS Wheels"В"354"В"RS Wheels 354 7x17 5x114,3 ET 42 Dia 67,1 (RL)"В"7"В"17"В"5"В"114,3"В"0"В"42"В"67,1"В"RL"В"литой"В"4"В"3615"В"151"В"21643"
"1000204291"В"RS Wheels"В"354"В"RS Wheels 354 7x17 5x114,3 ET 42 Dia 73,1 (RL)"В"7"В"17"В"5"В"114,3"В"0"В"42"В"73,1"В"RL"В"литой"В"12"В"3890"В"151"В"21643"
"1000204195"В"RS Wheels"В"357"В"RS Wheels 357 7,5x17 5x114,3 ET 40 Dia 67,1"В"7,5"В"17"В"5"В"114,3"В"0"В"40"В"67,1"ВВ"литой"В"4"В"3565"В"151"В"21641"
"1000204196"В"RS Wheels"В"357"В"RS Wheels 357 7,5x17 5x115 ET 40 Dia 73,1"В"7,5"В"17"В"5"В"115"В"0"В"40"В"73,1"ВВ"литой"В"12"В"3615"В"151"В"21641"
"1000204739"В"RS Wheels"В"358"В"RS Wheels 358 5,5x13 4x114,3 ET 40 Dia 69,1 (графит)"В"5,5"В"13"В"4"В"114,3"В"0"В"40"В"69,1"В"графит"В"литой"В"8"В"1645"В"151"В"23735"
"1000204740"В"RS Wheels"В"358"В"RS Wheels 358 5,5x13 4x98 ET 35 Dia 58,6 (графит)"В"5,5"В"13"В"4"В"98"В"0"В"35"В"58,6"В"графит"В"литой"В"12"В"1645"В"151"В"23735"
"1000204744"В"RS Wheels"В"358"В"RS Wheels 358 6x14 4x100 ET 40 Dia 67,1 (графит)"В"6"В"14"В"4"В"100"В"0"В"40"В"67,1"В"графит"В"литой"В"8"В"1970"В"151"В"23735"
"1000204746"В"RS Wheels"В"358"В"RS Wheels 358 6x14 4x98 ET 38 Dia 58,6 (графит)"В"6"В"14"В"4"В"98"В"0"В"38"В"58,6"В"графит"В"литой"В"8"В"1970"В"151"В"23735"
"1000204741"В"RS Wheels"В"359"В"RS Wheels 359 5,5x13 4x98 ET 35 Dia 58,6 (MB)"В"5,5"В"13"В"4"В"98"В"0"В"35"В"58,6"В"MB"В"литой"В"8"В"1645"В"151"В"23736"
"1000204745"В"RS Wheels"В"359"В"RS Wheels 359 6x14 4x100 ET 40 Dia 67,1 (графит)"В"6"В"14"В"4"В"100"В"0"В"40"В"67,1"В"графит"В"литой"В"12"В"1970"В"151"В"23736"
"1000204747"В"RS Wheels"В"359"В"RS Wheels 359 6x14 4x98 ET 38 Dia 58,6 (MW)"В"6"В"14"В"4"В"98"В"0"В"38"В"58,6"В"MW"В"литой"В"4"В"1970"В"151"В"23736"
"1000204402"В"RS Wheels"В"360"В"RS Wheels 360 6x16 5x120 ET 45 Dia 65,1 (silver)"В"6"В"16"В"5"В"120"В"0"В"45"В"65,1"В"silver"В"литой"В"4"В"2975"В"151"В"22091"
"1000203934"В"RS Wheels"В"364"В"RS Wheels 364 9x20 6x139,7/106,1 ET 25 Dia 106,1"В"9"В"20"В"6"В"139,7"В"106,1"В"25"В"106,1"ВВ"литой"В"4"В"6175"В"151"В"20120"
"1000204517"В"RS Wheels"В"404"В"RS Wheels 404 7,5x17 4x100 ET 40 Dia 67,1 (MB)"В"7,5"В"17"В"4"В"100"В"0"В"40"В"67,1"В"MB"В"литой"В"12"В"3890"В"151"В"22415"
"1000204518"В"RS Wheels"В"404"В"RS Wheels 404 7,5x17 4x108 ET 25 Dia 65,1 (MB)"В"7,5"В"17"В"4"В"108"В"0"В"25"В"65,1"В"MB"В"литой"В"20"В"3890"В"151"В"22415"
"1000204519"В"RS Wheels"В"404"В"RS Wheels 404 7,5x17 5x112 ET 35 Dia 66,6 (MB)"В"7,5"В"17"В"5"В"112"В"0"В"35"В"66,6"В"MB"В"литой"В"12"В"3890"В"151"В"22415"
"1000204520"В"RS Wheels"В"404"В"RS Wheels 404 7,5x17 5x114,3 ET 40 Dia 73,1 (MB)"В"7,5"В"17"В"5"В"114,3"В"0"В"40"В"73,1"В"MB"В"литой"В"12"В"3890"В"151"В"22415"
"1000204524"В"RS Wheels"В"404"В"RS Wheels 404 8x18 5x114,3 ET 40 Dia 73,1 (MB)"В"8"В"18"В"5"В"114,3"В"0"В"40"В"73,1"В"MB"В"литой"В"24"В"4755"В"151"В"22415"
"1000203731"В"RS Wheels"В"413"В"RS Wheels 413 8,5x20 6x139,7/110 ET 18 (MLB)"В"8,5"В"20"В"6"В"139,7"В"110"В"18"В"0"В"MLB"В"литой"В"4"В"9460"В"151"В"18991"
"1000203680"В"RS Wheels"В"422"В"RS Wheels 422 6,5x15 5x110 ET 35 Dia 73,1 (MB)"В"6,5"В"15"В"5"В"110"В"0"В"35"В"73,1"В"MB"В"литой"В"4"В"2470"В"151"В"18773"
"1000203870"В"RS Wheels"В"460"В"RS Wheels 460 8x17 5x120 ET 38 Dia 74,1 (silver)"В"8"В"17"В"5"В"120"В"0"В"38"В"74,1"В"silver"В"---"В"4"В"3565"В"151"В"7369"
"1000204460"В"RS Wheels"В"471"В"RS Wheels 471 8x17 5x112 ET 35 Dia 66,6 (графит)"В"8"В"17"В"5"В"112"В"0"В"35"В"66,6"В"графит"В"---"В"4"В"3565"В"151"В"7445"
"1000203790"В"RS Wheels"В"5003"В"RS Wheels 5003 7x16 5x112 ET 38 Dia 66,6"В"7"В"16"В"5"В"112"В"0"В"38"В"66,6"ВВ"литой"В"4"В"3015"В"151"В"18392"
"1000204565"В"RS Wheels"В"504"В"RS Wheels 504 8x17 5x150/110,1 ET 60 Dia 110,1 (H/S)"В"8"В"17"В"5"В"150"В"110,1"В"60"В"110,1"В"H/S"В"---"В"4"В"3840"В"151"В"7450"
"1000204689"В"RS Wheels"В"5066"В"RS Wheels 5066 6x14 4x100 ET 40 Dia 67,1 (графит)"В"6"В"14"В"4"В"100"В"0"В"40"В"67,1"В"графит"В"литой"В"16"В"1970"В"151"В"15990"
"1000204690"В"RS Wheels"В"5066"В"RS Wheels 5066 6x14 4x98 ET 38 Dia 58,6 (графит)"В"6"В"14"В"4"В"98"В"0"В"38"В"58,6"В"графит"В"литой"В"20"В"1970"В"151"В"15990"
"1000203555"В"RS Wheels"В"5068"В"RS Wheels 5068 8,5x18 5x112/130 ET 40 Dia 71,6 (MLB)"В"8,5"В"18"В"5"В"112"В"130"В"40"В"71,6"В"MLB"В"литой"В"12"В"4755"В"151"В"18395"
"1000203770"В"RS Wheels"В"507"В"RS Wheels 507 6x15 4x114,3 ET 45 Dia 56,6 (silver)"В"6"В"15"В"4"В"114,3"В"0"В"45"В"56,6"В"silver"В"литой"В"4"В"2560"В"151"В"19044"
"1000204605"В"RS Wheels"В"512"В"RS Wheels 512 6,5x15 4x108 ET 20 Dia 65,1 (H/S)"В"6,5"В"15"В"4"В"108"В"0"В"20"В"65,1"В"H/S"В"литой"В"4"В"2560"В"151"В"22937"
"1000204606"В"RS Wheels"В"512"В"RS Wheels 512 6,5x15 4x114,3 ET 42 Dia 73,1 (H/S)"В"6,5"В"15"В"4"В"114,3"В"0"В"42"В"73,1"В"H/S"В"литой"В"4"В"2560"В"151"В"22937"
"1000204607"В"RS Wheels"В"512"В"RS Wheels 512 6,5x15 4x98 ET 35 Dia 58,6 (H/S)"В"6,5"В"15"В"4"В"98"В"0"В"35"В"58,6"В"H/S"В"литой"В"4"В"2560"В"151"В"22937"
"1000204610"В"RS Wheels"В"512"В"RS Wheels 512 6,5x16 4x108 ET 20 Dia 65,1 (H/S)"В"6,5"В"16"В"4"В"108"В"0"В"20"В"65,1"В"H/S"В"литой"В"12"В"3070"В"151"В"22937"
"1000204598"В"RS Wheels"В"512"В"RS Wheels 512 7x16 4x108 ET 20 Dia 65,1 (H/S)"В"7"В"16"В"4"В"108"В"0"В"20"В"65,1"В"H/S"В"литой"В"8"В"3070"В"151"В"22937"
"271182"В"RS Wheels"В"517"В"RS Wheels 517 5,5x13 4x100 ET 40 Dia 67,1 (MB)"В"5,5"В"13"В"4"В"100"В"0"В"40"В"67,1"В"MB"В"---"В"4"В"1645"В"151"В"7375"
"247754"В"RS Wheels"В"517"В"RS Wheels 517 5,5x13 4x98 ET 35 Dia 58,6 (графит)"В"5,5"В"13"В"4"В"98"В"0"В"35"В"58,6"В"графит"В"---"В"12"В"1645"В"151"В"7375"
"1000203590"В"RS Wheels"В"517"В"RS Wheels 517 5,5x13 4x98 ET 35 Dia 58,6 (MS)"В"5,5"В"13"В"4"В"98"В"0"В"35"В"58,6"В"MS"В"---"В"20"В"1645"В"151"В"7375"
"247756"В"RS Wheels"В"517"В"RS Wheels 517 6x14 4x100 ET 40 Dia 67,1"В"6"В"14"В"4"В"100"В"0"В"40"В"67,1"ВВ"---"В"16"В"2065"В"151"В"7375"
"1000203367"В"RS Wheels"В"517"В"RS Wheels 517 6x14 4x100 ET 40 Dia 67,1 (графит)"В"6"В"14"В"4"В"100"В"0"В"40"В"67,1"В"графит"В"---"В"16"В"1970"В"151"В"7375"
"1000203370"В"RS Wheels"В"517"В"RS Wheels 517 6x14 4x98 ET 38 Dia 58,6 (графит)"В"6"В"14"В"4"В"98"В"0"В"38"В"58,6"В"графит"В"---"В"24"В"1970"В"151"В"7375"
"1000204691"В"RS Wheels"В"517"В"RS Wheels 517 6x14 4x98 ET 38 Dia 58,6 (MS)"В"6"В"14"В"4"В"98"В"0"В"38"В"58,6"В"MS"В"---"В"24"В"1970"В"151"В"7375"
"1000203701"В"RS Wheels"В"517"В"RS Wheels 517 6,5x15 4x100 ET 40 Dia 67,1 (MW)"В"6,5"В"15"В"4"В"100"В"0"В"40"В"67,1"В"MW"В"---"В"8"В"2470"В"151"В"7375"
"1000203593"В"RS Wheels"В"517"В"RS Wheels 517 6,5x15 4x108 ET 45 Dia 67,1 (DGM)"В"6,5"В"15"В"4"В"108"В"0"В"45"В"67,1"В"DGM"В"---"В"4"В"2560"В"151"В"7375"
"1000203416"В"RS Wheels"В"517"В"RS Wheels 517 6,5x15 4x114,3 ET 40 Dia 67,1 (MW)"В"6,5"В"15"В"4"В"114,3"В"0"В"40"В"67,1"В"MW"В"---"В"8"В"2470"В"151"В"7375"
"1000203780"В"RS Wheels"В"517"В"RS Wheels 517 6,5x15 4x114,3 ET 40 Dia 67,1 (MB)"В"6,5"В"15"В"4"В"114,3"В"0"В"40"В"67,1"В"MB"В"---"В"6"В"2470"В"151"В"7375"
"1000204206"В"RS Wheels"В"517"В"RS Wheels 517 6,5x15 5x100 ET 40 Dia 67,1 (MB)"В"6,5"В"15"В"5"В"100"В"0"В"40"В"67,1"В"MB"В"---"В"1"В"2470"В"151"В"7375"
"1000203735"В"RS Wheels"В"517"В"RS Wheels 517 6,5x15 5x100 ET 40 Dia 73,1 (MW)"В"6,5"В"15"В"5"В"100"В"0"В"40"В"73,1"В"MW"В"---"В"12"В"2470"В"151"В"7375"
"1000203470"В"RS Wheels"В"517"В"RS Wheels 517 6,5x15 5x108 ET 43 Dia 73,1 (MB)"В"6,5"В"15"В"5"В"108"В"0"В"43"В"73,1"В"MB"В"---"В"26"В"2470"В"151"В"7375"
"1000204283"В"RS Wheels"В"517"В"RS Wheels 517 6,5x15 5x114,3 ET 40 Dia 67,1 (MW)"В"6,5"В"15"В"5"В"114,3"В"0"В"40"В"67,1"В"MW"В"---"В"8"В"2470"В"151"В"7375"
"1000204556"В"RS Wheels"В"517"В"RS Wheels 517 6,5x16 5x105 ET 39 Dia 73,1 (MB)"В"6,5"В"16"В"5"В"105"В"0"В"39"В"73,1"В"MB"В"---"В"8"В"2975"В"151"В"7375"
"1000203684"В"RS Wheels"В"517"В"RS Wheels 517 7x16 5x100 ET 43 Dia 73,1 (MB)"В"7"В"16"В"5"В"100"В"0"В"43"В"73,1"В"MB"В"---"В"24"В"3070"В"151"В"7375"
"1000204286"В"RS Wheels"В"517"В"RS Wheels 517 7x16 5x105 ET 39 Dia 73,1 (MB)"В"7"В"16"В"5"В"105"В"0"В"39"В"73,1"В"MB"В"---"В"4"В"3070"В"151"В"7375"
"1000203375"В"RS Wheels"В"517"В"RS Wheels 517 7x16 5x108 ET 45 Dia 73,1 (MB)"В"7"В"16"В"5"В"108"В"0"В"45"В"73,1"В"MB"В"---"В"20"В"2975"В"151"В"7375"
"1000203434"В"RS Wheels"В"517"В"RS Wheels 517 7x16 5x110 ET 40 Dia 73,1 (MB)"В"7"В"16"В"5"В"110"В"0"В"40"В"73,1"В"MB"В"---"В"12"В"2975"В"151"В"7375"
"1000204010"В"RS Wheels"В"517"В"RS Wheels 517 7x16 5x112 ET 35 Dia 73,1 (MB)"В"7"В"16"В"5"В"112"В"0"В"35"В"73,1"В"MB"В"---"В"24"В"3070"В"151"В"7375"
"1000204012"В"RS Wheels"В"517"В"RS Wheels 517 7x16 5x114,3 ET 43 Dia 73,1 (MW)"В"7"В"16"В"5"В"114,3"В"0"В"43"В"73,1"В"MW"В"---"В"8"В"3070"В"151"В"7375"
"247879"В"RS Wheels"В"517"В"RS Wheels 517 7x16 5x120 ET 35 Dia 74,1"В"7"В"16"В"5"В"120"В"0"В"35"В"74,1"ВВ"---"В"8"В"3070"В"151"В"7375"
"1000204289"В"RS Wheels"В"517"В"RS Wheels 517 7x16 5x120 ET 43 Dia 74,1 (MB)"В"7"В"16"В"5"В"120"В"0"В"43"В"74,1"В"MB"В"---"В"12"В"2650"В"151"В"7375"
"1000204454"В"RS Wheels"В"517"В"RS Wheels 517 7x17 5x110 ET 40 Dia 56,6"В"7"В"17"В"5"В"110"В"0"В"40"В"56,6"ВВ"---"В"4"В"3565"В"151"В"7375"
"1000204456"В"RS Wheels"В"517"В"RS Wheels 517 7x17 5x114,3 ET 45 Dia 67,1"В"7"В"17"В"5"В"114,3"В"0"В"45"В"67,1"ВВ"---"В"4"В"3565"В"151"В"7375"
"1000204462"В"RS Wheels"В"517"В"RS Wheels 517 8x18 5x112 ET 40 Dia 66,6"В"8"В"18"В"5"В"112"В"0"В"40"В"66,6"ВВ"---"В"16"В"4345"В"151"В"7375"
"1000204463"В"RS Wheels"В"517"В"RS Wheels 517 8x18 5x114,3 ET 45 Dia 67,1"В"8"В"18"В"5"В"114,3"В"0"В"45"В"67,1"ВВ"---"В"24"В"4345"В"151"В"7375"
"1000204464"В"RS Wheels"В"517"В"RS Wheels 517 8x18 5x120 ET 40 Dia 74,1"В"8"В"18"В"5"В"120"В"0"В"40"В"74,1"ВВ"---"В"4"В"4345"В"151"В"7375"
"1000204458"В"RS Wheels"В"519"В"RS Wheels 519 8,5x18 5x112 ET 35 Dia 66,6 (графит)"В"8,5"В"18"В"5"В"112"В"0"В"35"В"66,6"В"графит"В"литой"В"4"В"5170"В"151"В"22340"
"1000204466"В"RS Wheels"В"519"В"RS Wheels 519 9,5x18 5x112 ET 35 Dia 66,6 (графит)"В"9,5"В"18"В"5"В"112"В"0"В"35"В"66,6"В"графит"В"литой"В"1"В"5170"В"151"В"22340"
"1000204459"В"RS Wheels"В"519"В"RS Wheels 519 8,5x19 5x112 ET 35 Dia 66,6 (графит)"В"8,5"В"19"В"5"В"112"В"0"В"35"В"66,6"В"графит"В"литой"В"8"В"6905"В"151"В"22340"
"1000204467"В"RS Wheels"В"519"В"RS Wheels 519 9,5x19 5x112 ET 35 Dia 66,6 (графит)"В"9,5"В"19"В"5"В"112"В"0"В"35"В"66,6"В"графит"В"литой"В"4"В"6905"В"151"В"22340"
"1000204394"В"RS Wheels"В"5234"В"RS Wheels 5234 9,5x19 5x120 ET 40 Dia 74,1 (MLB)"В"9,5"В"19"В"5"В"120"В"0"В"40"В"74,1"В"MLB"В"литой"В"12"В"6395"В"151"В"22088"
"203578"В"RS Wheels"В"525"В"RS Wheels 525 7x16 6x139,7 ET 46 Dia 67,1 (silver)"В"7"В"16"В"6"В"139,7"В"0"В"46"В"67,1"В"silver"В"---"В"4"В"2955"В"151"В"7379"
"1000203919"В"RS Wheels"В"535F"В"RS Wheels 535F 8x18 5x112 ET 35 Dia 66,6 (H/S)"В"8"В"18"В"5"В"112"В"0"В"35"В"66,6"В"H/S"В"литой"В"4"В"4530"В"151"В"20117"
"1000204639"В"RS Wheels"В"537"В"RS Wheels 537 7x17 4x100 ET 35 Dia 73,1 (белый)"В"7"В"17"В"4"В"100"В"0"В"35"В"73,1"В"белый"В"литой"В"8"В"4115"В"151"В"23202"
"1000203690"В"RS Wheels"В"538"В"RS Wheels 538 8x19 5x114,3 ET 35 Dia 73,1"В"8"В"19"В"5"В"114,3"В"0"В"35"В"73,1"ВВ"---"В"4"В"7270"В"151"В"7382"
"1000204338"В"RS Wheels"В"538"В"RS Wheels 538 8,5x20 5x114,3 ET 35 Dia 73,1"В"8,5"В"20"В"5"В"114,3"В"0"В"35"В"73,1"ВВ"---"В"8"В"10510"В"151"В"7382"
"1000204447"В"RS Wheels"В"539"В"RS Wheels 539 7x16 5x100 ET 40 Dia 73,1 (MB)"В"7"В"16"В"5"В"100"В"0"В"40"В"73,1"В"MB"В"---"В"12"В"3110"В"151"В"7383"
"1000204448"В"RS Wheels"В"539"В"RS Wheels 539 7x16 5x108 ET 40 Dia 65,1 (MB)"В"7"В"16"В"5"В"108"В"0"В"40"В"65,1"В"MB"В"---"В"24"В"3110"В"151"В"7383"
"1000204290"В"RS Wheels"В"539"В"RS Wheels 539 7x17 5x114,3 ET 40 Dia 73,1 (MB)"В"7"В"17"В"5"В"114,3"В"0"В"40"В"73,1"В"MB"В"---"В"16"В"3890"В"151"В"7383"
"1000204274"В"RS Wheels"В"539"В"RS Wheels 539 8x18 5x120 ET 42 Dia 69,6 (MB)"В"8"В"18"В"5"В"120"В"0"В"42"В"69,6"В"MB"В"---"В"4"В"5025"В"151"В"7383"
"1000204580"В"RS Wheels"В"541"В"RS Wheels 541 8x17 5x112 ET 40 Dia 66,6 (MB)"В"8"В"17"В"5"В"112"В"0"В"40"В"66,6"В"MB"В"---"В"4"В"3890"В"151"В"7384"
"1000203732"В"RS Wheels"В"541"В"RS Wheels 541 9,5x18 5x112 ET 35 Dia 66,6 (графит)"В"9,5"В"18"В"5"В"112"В"0"В"35"В"66,6"В"графит"В"---"В"4"В"5170"В"151"В"7384"
"1000204337"В"RS Wheels"В"541"В"RS Wheels 541 8,5x20 5x112 ET 35 Dia 66,6 (графит)"В"8,5"В"20"В"5"В"112"В"0"В"35"В"66,6"В"графит"В"---"В"8"В"8090"В"151"В"7384"
"1000204585"В"RS Wheels"В"563"В"RS Wheels 563 5,5x13 4x98 ET 0 Dia 58,6 (MB)"В"5,5"В"13"В"4"В"98"В"0"В"0"В"58,6"В"MB"В"---"В"8"В"1645"В"151"В"7388"
"1000204461"В"RS Wheels"В"564"В"RS Wheels 564 8x18 5x112 ET 43 Dia 66,45 (MS)"В"8"В"18"В"5"В"112"В"0"В"43"В"66,45"В"MS"В"литой"В"4"В"5170"В"151"В"22341"
"1000203611"В"RS Wheels"В"568"В"RS Wheels 568 7,5x17 5x100/114,3 ET 40 Dia 69,1 (H/S)"В"7,5"В"17"В"5"В"100"В"114,3"В"40"В"69,1"В"H/S"В"литой"В"4"В"3615"В"151"В"18542"
"1000204269"В"RS Wheels"В"576"В"RS Wheels 576 8x17 5x120 ET 42 Dia 69,6 (MLB)"В"8"В"17"В"5"В"120"В"0"В"42"В"69,6"В"MLB"В"литой"В"8"В"4255"В"151"В"18537"
"1000204270"В"RS Wheels"В"576"В"RS Wheels 576 8x18 5x114,3 ET 6 Dia 70,7 (MB)"В"8"В"18"В"5"В"114,3"В"0"В"6"В"70,7"В"MB"В"литой"В"8"В"5025"В"151"В"18537"
"1000204271"В"RS Wheels"В"576"В"RS Wheels 576 8x18 5x114,3 ET 6 Dia 70,7 (MLB)"В"8"В"18"В"5"В"114,3"В"0"В"6"В"70,7"В"MLB"В"литой"В"4"В"5025"В"151"В"18537"
"1000204272"В"RS Wheels"В"576"В"RS Wheels 576 8x18 5x114,3 ET 35 Dia 73,1 (MLB)"В"8"В"18"В"5"В"114,3"В"0"В"35"В"73,1"В"MLB"В"литой"В"8"В"5025"В"151"В"18537"
"1000204443"В"RS Wheels"В"577"В"RS Wheels 577 10x22 5x130 ET 47 Dia 71,6 (MB)"В"10"В"22"В"5"В"130"В"0"В"47"В"71,6"В"MB"В"литой"В"4"В"9920"В"151"В"22338"
"1000203894"В"RS Wheels"В"579"В"RS Wheels 579 10,5x20 5x120 ET 30 Dia 74,1 (silver)"В"10,5"В"20"В"5"В"120"В"0"В"30"В"74,1"В"silver"В"литой"В"4"В"8680"В"151"В"20107"
"247760"В"RS Wheels"В"589"В"RS Wheels 589 5,5x13 4x98 ET 38 Dia 58,6 (MB)"В"5,5"В"13"В"4"В"98"В"0"В"38"В"58,6"В"MB"В"литой"В"4"В"1645"В"151"В"18718"
"1000204525"В"RS Wheels"В"5977"В"RS Wheels 5977 6,5x15 5x114,3 ET 40 Dia 73,1 (MB)"В"6,5"В"15"В"5"В"114,3"В"0"В"40"В"73,1"В"MB"В"литой"В"4"В"2470"В"151"В"22416"
"1000204522"В"RS Wheels"В"5977"В"RS Wheels 5977 7x16 4x100 ET 40 Dia 67,1 (MB)"В"7"В"16"В"4"В"100"В"0"В"40"В"67,1"В"MB"В"литой"В"8"В"2975"В"151"В"22416"
"1000204523"В"RS Wheels"В"5977"В"RS Wheels 5977 7x16 4x114,3 ET 40 Dia 67,1 (MB)"В"7"В"16"В"4"В"114,3"В"0"В"40"В"67,1"В"MB"В"литой"В"22"В"2975"В"151"В"22416"
"1000204521"В"RS Wheels"В"5977"В"RS Wheels 5977 7,5x17 5x114,3 ET 40 Dia 73,1 (MB)"В"7,5"В"17"В"5"В"114,3"В"0"В"40"В"73,1"В"MB"В"литой"В"4"В"3890"В"151"В"22416"
"1000204609"В"RS Wheels"В"6003"В"RS Wheels 6003 6,5x15 5x114,3 ET 45 Dia 73,1 (H/S)"В"6,5"В"15"В"5"В"114,3"В"0"В"45"В"73,1"В"H/S"В"литой"В"4"В"2560"В"151"В"22930"
"1000204648"В"RS Wheels"В"6009"В"RS Wheels 6009 6,5x15 4x100 ET 40 Dia 67,1 (H/S)"В"6,5"В"15"В"4"В"100"В"0"В"40"В"67,1"В"H/S"В"литой"В"4"В"2560"В"151"В"23200"
"1000204633"В"RS Wheels"В"6009"В"RS Wheels 6009 6,5x15 5x114,3 ET 42 Dia 73,1 (H/S)"В"6,5"В"15"В"5"В"114,3"В"0"В"42"В"73,1"В"H/S"В"литой"В"4"В"2560"В"151"В"23200"
"1000204336"В"RS Wheels"В"619"В"RS Wheels 619 7x17 5x108 ET 40 Dia 63,4 (silver)"В"7"В"17"В"5"В"108"В"0"В"40"В"63,4"В"silver"В"---"В"4"В"4165"В"151"В"7403"
"1000204027"В"RS Wheels"В"622"В"RS Wheels 622 6x14 4x98 ET 35 Dia 58,6 (MB)"В"6"В"14"В"4"В"98"В"0"В"35"В"58,6"В"MB"В"литой"В"4"В"1970"В"151"В"18719"
"1000204092"В"RS Wheels"В"627"В"RS Wheels 627 6x14 4x98 ET 35 Dia 58,6 (MB)"В"6"В"14"В"4"В"98"В"0"В"35"В"58,6"В"MB"В"литой"В"4"В"1970"В"151"В"21131"
"1000204649"В"RS Wheels"В"6306"В"RS Wheels 6306 6,5x15 4x114,3 ET 45 Dia 73,1 (MB)"В"6,5"В"15"В"4"В"114,3"В"0"В"45"В"73,1"В"MB"В"литой"В"8"В"2470"В"151"В"23199"
"1000204634"В"RS Wheels"В"6306"В"RS Wheels 6306 6,5x15 5x114,3 ET 45 Dia 73,1 (MB)"В"6,5"В"15"В"5"В"114,3"В"0"В"45"В"73,1"В"MB"В"литой"В"8"В"2470"В"151"В"23199"
"1000204637"В"RS Wheels"В"6306"В"RS Wheels 6306 7x16 5x108 ET 45 Dia 73,1 (MB)"В"7"В"16"В"5"В"108"В"0"В"45"В"73,1"В"MB"В"литой"В"4"В"2975"В"151"В"23199"
"1000204638"В"RS Wheels"В"6306"В"RS Wheels 6306 7x16 5x114,3 ET 45 Dia 73,1 (MB)"В"7"В"16"В"5"В"114,3"В"0"В"45"В"73,1"В"MB"В"литой"В"4"В"2975"В"151"В"23199"
"1000204636"В"RS Wheels"В"6306"В"RS Wheels 6306 7,5x17 5x114,3 ET 45 Dia 67,1"В"7,5"В"17"В"5"В"114,3"В"0"В"45"В"67,1"ВВ"литой"В"8"В"4115"В"151"В"23199"
"1000204408"В"RS Wheels"В"674"В"RS Wheels 674 8,5x19 5x112/120 ET 45 Dia 72,6 (MIB)"В"8,5"В"19"В"5"В"112"В"120"В"45"В"72,6"В"MIB"В"литой"В"8"В"5715"В"151"В"22095"
"1000204491"В"RS Wheels"В"687"В"RS Wheels 687 8x18 6x139,7/110 ET 30 (MB)"В"8"В"18"В"6"В"139,7"В"110"В"30"В"0"В"MB"В"литой"В"3"В"4345"В"151"В"22359"
"247762"В"RS Wheels"В"701"В"RS Wheels 701 6,5x15 4x100 ET 40 Dia 67,1 (MB)"В"6,5"В"15"В"4"В"100"В"0"В"40"В"67,1"В"MB"В"литой"В"9"В"2470"В"151"В"16397"
"1000204089"В"RS Wheels"В"701"В"RS Wheels 701 7x16 5x108 ET 45 Dia 73,1 (MB)"В"7"В"16"В"5"В"108"В"0"В"45"В"73,1"В"MB"В"литой"В"18"В"3070"В"151"В"16397"
"1000203788"В"RS Wheels"В"701"В"RS Wheels 701 7x16 5x110 ET 40 Dia 73,1 (MB)"В"7"В"16"В"5"В"110"В"0"В"40"В"73,1"В"MB"В"литой"В"4"В"2975"В"151"В"16397"
"247880"В"RS Wheels"В"701"В"RS Wheels 701 7x16 5x114,3 ET 45 Dia 73,1 (MB)"В"7"В"16"В"5"В"114,3"В"0"В"45"В"73,1"В"MB"В"литой"В"2"В"2975"В"151"В"16397"
"1000204173"В"RS Wheels"В"702"В"RS Wheels 702 7x16 5x108 ET 40 Dia 73,1 (MLW)"В"7"В"16"В"5"В"108"В"0"В"40"В"73,1"В"MLW"В"---"В"16"В"3070"В"151"В"7409"
"1000204175"В"RS Wheels"В"702"В"RS Wheels 702 7x17 5x114,3 ET 40 Dia 67,1 (MLB)"В"7"В"17"В"5"В"114,3"В"0"В"40"В"67,1"В"MLB"В"---"В"4"В"3475"В"151"В"7409"
"1000204562"В"RS Wheels"В"703"В"RS Wheels 703 7x17 5x105 ET 39 Dia 56,6 (H/S)"В"7"В"17"В"5"В"105"В"0"В"39"В"56,6"В"H/S"В"---"В"8"В"3615"В"151"В"7410"
"1000203849"В"RS Wheels"В"704"В"RS Wheels 704 10,5x20 5x120 ET 30 Dia 74,1"В"10,5"В"20"В"5"В"120"В"0"В"30"В"74,1"ВВ"литой"В"6"В"8680"В"151"В"18384"
"1000203874"В"RS Wheels"В"704"В"RS Wheels 704 9,5x20 5x120 ET 40 Dia 74,1 (silver)"В"9,5"В"20"В"5"В"120"В"0"В"40"В"74,1"В"silver"В"литой"В"4"В"9505"В"151"В"18384"
"1000203875"В"RS Wheels"В"704"В"RS Wheels 704 9,5x20 5x120 ET 45 Dia 74,1"В"9,5"В"20"В"5"В"120"В"0"В"45"В"74,1"ВВ"литой"В"4"В"8680"В"151"В"18384"
"1000203643"В"RS Wheels"В"727"В"RS Wheels 727 6x14 4x100 ET 35 Dia 67,1 (silver)"В"6"В"14"В"4"В"100"В"0"В"35"В"67,1"В"silver"В"---"В"4"В"1970"В"151"В"7417"
"247765"В"RS Wheels"В"733"В"RS Wheels 733 6x14 4x100 ET 40 Dia 67,1 (MB)"В"6"В"14"В"4"В"100"В"0"В"40"В"67,1"В"MB"В"литой"В"20"В"1970"В"151"В"16662"
"1000203518"В"RS Wheels"В"733"В"RS Wheels 733 6x14 4x100 ET 40 Dia 67,1 (MW)"В"6"В"14"В"4"В"100"В"0"В"40"В"67,1"В"MW"В"литой"В"24"В"1970"В"151"В"16662"
"247766"В"RS Wheels"В"733"В"RS Wheels 733 6x14 4x98 ET 38 Dia 58,6"В"6"В"14"В"4"В"98"В"0"В"38"В"58,6"ВВ"литой"В"24"В"2065"В"151"В"16662"
"1000204029"В"RS Wheels"В"733"В"RS Wheels 733 6x14 4x98 ET 38 Dia 58,6 (MW)"В"6"В"14"В"4"В"98"В"0"В"38"В"58,6"В"MW"В"литой"В"32"В"1970"В"151"В"16662"
"247883"В"RS Wheels"В"733"В"RS Wheels 733 6,5x15 4x100 ET 40 Dia 67,1 (MB)"В"6,5"В"15"В"4"В"100"В"0"В"40"В"67,1"В"MB"В"литой"В"16"В"2470"В"151"В"16662"
"247884"В"RS Wheels"В"733"В"RS Wheels 733 6,5x15 4x114,3 ET 40 Dia 67,1 (MB)"В"6,5"В"15"В"4"В"114,3"В"0"В"40"В"67,1"В"MB"В"литой"В"20"В"2470"В"151"В"16662"
"1000204275"В"RS Wheels"В"734"В"RS Wheels 734 8x18 5x120 ET 42 Dia 69,6 (MB)"В"8"В"18"В"5"В"120"В"0"В"42"В"69,6"В"MB"В"литой"В"4"В"5025"В"151"В"7419"
"1000204276"В"RS Wheels"В"734"В"RS Wheels 734 8x18 5x120 ET 42 Dia 69,6"В"8"В"18"В"5"В"120"В"0"В"42"В"69,6"ВВ"литой"В"4"В"5025"В"151"В"7419"
"1000204279"В"RS Wheels"В"734"В"RS Wheels 734 10x20 5x120 ET 48 Dia 73,1 (графит)"В"10"В"20"В"5"В"120"В"0"В"48"В"73,1"В"графит"В"литой"В"4"В"7455"В"151"В"7419"
"1000204263"В"RS Wheels"В"734"В"RS Wheels 734 8,5x20 5x114,3 ET 35 Dia 73,1 (MB)"В"8,5"В"20"В"5"В"114,3"В"0"В"35"В"73,1"В"MB"В"литой"В"4"В"7310"В"151"В"7419"
"1000204280"В"RS Wheels"В"734"В"RS Wheels 734 10x22 5x120 ET 48 Dia 73,1 (MS)"В"10"В"22"В"5"В"120"В"0"В"48"В"73,1"В"MS"В"литой"В"4"В"8865"В"151"В"7419"
"1000204265"В"RS Wheels"В"734"В"RS Wheels 734 8,5x22 5x120 ET 45 Dia 73,1 (графит)"В"8,5"В"22"В"5"В"120"В"0"В"45"В"73,1"В"графит"В"литой"В"4"В"8865"В"151"В"7419"
"1000204412"В"RS Wheels"В"738"В"RS Wheels 738 8x18 5x114,3 ET 35 Dia 73,1 (DGM)"В"8"В"18"В"5"В"114,3"В"0"В"35"В"73,1"В"DGM"В"литой"В"4"В"6175"В"151"В"22084"
"1000204413"В"RS Wheels"В"738"В"RS Wheels 738 8x18 5x114,3 ET 35 Dia 73,1 (MB)"В"8"В"18"В"5"В"114,3"В"0"В"35"В"73,1"В"MB"В"литой"В"4"В"6175"В"151"В"22084"
"1000204414"В"RS Wheels"В"738"В"RS Wheels 738 8x18 5x114,3 ET 35 Dia 73,1"В"8"В"18"В"5"В"114,3"В"0"В"35"В"73,1"ВВ"литой"В"4"В"6175"В"151"В"22084"
"1000204416"В"RS Wheels"В"738"В"RS Wheels 738 8x18 5x114,3 ET 45 Dia 73,1"В"8"В"18"В"5"В"114,3"В"0"В"45"В"73,1"ВВ"литой"В"4"В"6175"В"151"В"22084"
"1000204581"В"RS Wheels"В"738"В"RS Wheels 738 8x18 5x120 ET 42 Dia 73,1 (черный MB)"В"8"В"18"В"5"В"120"В"0"В"42"В"73,1"В"черный MB"В"литой"В"4"В"6175"В"151"В"22084"
"1000204582"В"RS Wheels"В"738"В"RS Wheels 738 8x18 5x120 ET 42 Dia 73,1 (MLB)"В"8"В"18"В"5"В"120"В"0"В"42"В"73,1"В"MLB"В"литой"В"4"В"6175"В"151"В"22084"
"1000204583"В"RS Wheels"В"738"В"RS Wheels 738 8x18 5x120 ET 42 Dia 73,1 (DGM)"В"8"В"18"В"5"В"120"В"0"В"42"В"73,1"В"DGM"В"литой"В"4"В"6175"В"151"В"22084"
"1000204422"В"RS Wheels"В"738"В"RS Wheels 738 8x19 5x112 ET 40 Dia 66,6 (MLB)"В"8"В"19"В"5"В"112"В"0"В"40"В"66,6"В"MLB"В"литой"В"8"В"5990"В"151"В"22084"
"1000204564"В"RS Wheels"В"738"В"RS Wheels 738 8,5x20 5x114,3 ET 35 Dia 73,1 (DGM)"В"8,5"В"20"В"5"В"114,3"В"0"В"35"В"73,1"В"DGM"В"литой"В"4"В"7860"В"151"В"22084"
"1000204515"В"RS Wheels"В"738"В"RS Wheels 738 9,5x20 5x114,3 ET 42 Dia 73,1 (черный)"В"9,5"В"20"В"5"В"114,3"В"0"В"42"В"73,1"В"черный"В"литой"В"8"В"8500"В"151"В"22084"
"1000203961"В"RS Wheels"В"802"В"RS Wheels 802 6x14 4x100 ET 40 Dia 67,1 (MLS)"В"6"В"14"В"4"В"100"В"0"В"40"В"67,1"В"MLS"В"---"В"16"В"1970"В"151"В"7432"
"1000204297"В"RS Wheels"В"802"В"RS Wheels 802 6x14 4x100 ET 40 Dia 67,1 (MLB)"В"6"В"14"В"4"В"100"В"0"В"40"В"67,1"В"MLB"В"---"В"8"В"1970"В"151"В"7432"
"267108"В"RS Wheels"В"802"В"RS Wheels 802 6x14 4x98 ET 38 Dia 58,6 (MLB)"В"6"В"14"В"4"В"98"В"0"В"38"В"58,6"В"MLB"В"---"В"8"В"1970"В"151"В"7432"
"1000204298"В"RS Wheels"В"802"В"RS Wheels 802 6x14 4x98 ET 38 Dia 58,6 (MLS)"В"6"В"14"В"4"В"98"В"0"В"38"В"58,6"В"MLS"В"---"В"8"В"1970"В"151"В"7432"
"1000204743"В"RS Wheels"В"811"В"RS Wheels 811 5,5x13 4x98 ET 9 Dia 58,6 (MB)"В"5,5"В"13"В"4"В"98"В"0"В"9"В"58,6"В"MB"В"литой"В"28"В"1645"В"151"В"23737"
"1000204479"В"RS Wheels"В"823"В"RS Wheels 823 7,5x20 5x100/114,3 ET 40 Dia 73,1 (H/S)"В"7,5"В"20"В"5"В"100"В"114,3"В"40"В"73,1"В"H/S"В"литой"В"12"В"6175"В"151"В"22358"
"1000204403"В"RS Wheels"В"83"В"RS Wheels 83 7,5x17 5x112 ET 42 Dia 66,6 (H/S)"В"7,5"В"17"В"5"В"112"В"0"В"42"В"66,6"В"H/S"В"литой"В"6"В"3890"В"151"В"22093"
"1000204366"В"RS Wheels"В"837"В"RS Wheels 837 8x18 5x120 ET 45 Dia 73,1 (H/S)"В"8"В"18"В"5"В"120"В"0"В"45"В"73,1"В"H/S"В"---"В"4"В"4755"В"151"В"7435"
"1000204273"В"RS Wheels"В"838"В"RS Wheels 838 8x18 5x114,3 ET 45 Dia 73,1 (H/S)"В"8"В"18"В"5"В"114,3"В"0"В"45"В"73,1"В"H/S"В"---"В"12"В"4755"В"151"В"7436"
"1000203431"В"RS Wheels"В"840"В"RS Wheels 840 7x16 4x108 ET 25 Dia 69,1 (H/S)"В"7"В"16"В"4"В"108"В"0"В"25"В"69,1"В"H/S"В"литой"В"4"В"3015"В"151"В"16406"
"1000203427"В"RS Wheels"В"840"В"RS Wheels 840 7,5x17 5x112 ET 35 Dia 66,6 (H/S)"В"7,5"В"17"В"5"В"112"В"0"В"35"В"66,6"В"H/S"В"литой"В"8"В"3615"В"151"В"16406"
"1000204267"В"RS Wheels"В"843"В"RS Wheels 843 8x16 5x139,7 ET 20 Dia 98,5 (MB)"В"8"В"16"В"5"В"139,7"В"0"В"20"В"98,5"В"MB"В"литой"В"8"В"3200"В"151"В"20115"
"1000204593"В"RS Wheels"В"848"В"RS Wheels 848 8x16 5x150/110,5 ET 60 Dia 110,5 (графит)"В"8"В"16"В"5"В"150"В"110,5"В"60"В"110,5"В"графит"В"литой"В"4"В"3015"В"151"В"22933"
"1000204566"В"RS Wheels"В"857"В"RS Wheels 857 9x20 5x130 ET 45 Dia 73,1 (MB)"В"9"В"20"В"5"В"130"В"0"В"45"В"73,1"В"MB"В"литой"В"4"В"8090"В"151"В"20119"
"1000203804"В"RS Wheels"В"864"В"RS Wheels 864 6x14 4x98 ET 35 Dia 58,6 (MS)"В"6"В"14"В"4"В"98"В"0"В"35"В"58,6"В"MS"В"литой"В"8"В"1970"В"151"В"19113"
"1000204563"В"RS Wheels"В"866"В"RS Wheels 866 8,5x20 5x112 ET 45 Dia 73,1 (MS)"В"8,5"В"20"В"5"В"112"В"0"В"45"В"73,1"В"MS"В"литой"В"4"В"8090"В"151"В"18545"
"1000203866"В"RS Wheels"В"866"В"RS Wheels 866 8,5x20 5x114,3 ET 35 Dia 73,1 (MS)"В"8,5"В"20"В"5"В"114,3"В"0"В"35"В"73,1"В"MS"В"литой"В"4"В"7455"В"151"В"18545"
"1000203951"В"RS Wheels"В"866"В"RS Wheels 866 8,5x20 5x114,3 ET 35 Dia 73,1 (MLB)"В"8,5"В"20"В"5"В"114,3"В"0"В"35"В"73,1"В"MLB"В"литой"В"4"В"7455"В"151"В"18545"
"1000203867"В"RS Wheels"В"866"В"RS Wheels 866 8,5x20 6x114,3 ET 25 Dia 73,1 (MIB)"В"8,5"В"20"В"6"В"114,3"В"0"В"25"В"73,1"В"MIB"В"литой"В"4"В"7455"В"151"В"18545"
"1000203757"В"RS Wheels"В"869"В"RS Wheels 869 6,5x15 5x114,3 ET 45 Dia 67,1 (графит)"В"6,5"В"15"В"5"В"114,3"В"0"В"45"В"67,1"В"графит"В"---"В"4"В"2470"В"151"В"7457"
"1000204418"В"RS Wheels"В"871"В"RS Wheels 871 8x18 5x120 ET 45 Dia 69,6"В"8"В"18"В"5"В"120"В"0"В"45"В"69,6"ВВ"литой"В"8"В"7360"В"151"В"22087"
"1000203621"В"RS Wheels"В"881"В"RS Wheels 881 7x16 5x114,3 ET 50 Dia 73,1 (MS)"В"7"В"16"В"5"В"114,3"В"0"В"50"В"73,1"В"MS"В"---"В"12"В"2975"В"151"В"7458"
"1000203530"В"RS Wheels"В"882"В"RS Wheels 882 6x14 4x98 ET 35 Dia 58,6"В"6"В"14"В"4"В"98"В"0"В"35"В"58,6"ВВ"литой"В"4"В"2065"В"151"В"18386"
"1000203531"В"RS Wheels"В"882"В"RS Wheels 882 6x14 4x98 ET 35 Dia 58,6 (MW)"В"6"В"14"В"4"В"98"В"0"В"35"В"58,6"В"MW"В"литой"В"8"В"1930"В"151"В"18386"
"247768"В"RS Wheels"В"882"В"RS Wheels 882 6x14 4x98 ET 38 Dia 58,6 (MB)"В"6"В"14"В"4"В"98"В"0"В"38"В"58,6"В"MB"В"литой"В"4"В"1970"В"151"В"18386"
"188696"В"RS Wheels"В"882"В"RS Wheels 882 6x14 5x100 ET 40 Dia 67,1 (MW)"В"6"В"14"В"5"В"100"В"0"В"40"В"67,1"В"MW"В"литой"В"4"В"1930"В"151"В"18386"
"188690"В"RS Wheels"В"882"В"RS Wheels 882 6,5x15 4x100 ET 45 Dia 67,1 (MB)"В"6,5"В"15"В"4"В"100"В"0"В"45"В"67,1"В"MB"В"литой"В"11"В"2470"В"151"В"18386"
"188692"В"RS Wheels"В"882"В"RS Wheels 882 6,5x15 4x114,3 ET 45 Dia 67,1 (MB)"В"6,5"В"15"В"4"В"114,3"В"0"В"45"В"67,1"В"MB"В"литой"В"15"В"2470"В"151"В"18386"
"1000203945"В"RS Wheels"В"882"В"RS Wheels 882 6,5x15 5x108 ET 45 Dia 63,4 (MB)"В"6,5"В"15"В"5"В"108"В"0"В"45"В"63,4"В"MB"В"литой"В"8"В"2470"В"151"В"18386"
"1000203511"В"RS Wheels"В"882"В"RS Wheels 882 6,5x16 5x108 ET 45 Dia 63,4"В"6,5"В"16"В"5"В"108"В"0"В"45"В"63,4"ВВ"литой"В"5"В"3070"В"151"В"18386"
"1000203678"В"RS Wheels"В"883"В"RS Wheels 883 6,5x15 5x100 ET 45 Dia 67,1 (MFLB)"В"6,5"В"15"В"5"В"100"В"0"В"45"В"67,1"В"MFLB"В"---"В"4"В"2470"В"151"В"7460"
"267109"В"RS Wheels"В"883"В"RS Wheels 883 6,5x15 5x114,3 ET 45 Dia 67,1 (MFLB)"В"6,5"В"15"В"5"В"114,3"В"0"В"45"В"67,1"В"MFLB"В"---"В"4"В"2470"В"151"В"7460"
"1000203661"В"RS Wheels"В"883"В"RS Wheels 883 6,5x15 5x114,3 ET 45 Dia 67,1"В"6,5"В"15"В"5"В"114,3"В"0"В"45"В"67,1"ВВ"---"В"8"В"2470"В"151"В"7460"
"247893"В"RS Wheels"В"883"В"RS Wheels 883 6,5x16 5x105 ET 39 Dia 56,6 (MFLB)"В"6,5"В"16"В"5"В"105"В"0"В"39"В"56,6"В"MFLB"В"---"В"4"В"3070"В"151"В"7460"
"1000204088"В"RS Wheels"В"883"В"RS Wheels 883 6,5x16 5x108 ET 50 Dia 63,4 (MFLB)"В"6,5"В"16"В"5"В"108"В"0"В"50"В"63,4"В"MFLB"В"---"В"4"В"3070"В"151"В"7460"
"1000204584"В"RS Wheels"В"883"В"RS Wheels 883 6,5x16 5x110 ET 40 Dia 73,1 (MFLB)"В"6,5"В"16"В"5"В"110"В"0"В"40"В"73,1"В"MFLB"В"---"В"11"В"3070"В"151"В"7460"
"1000204367"В"RS Wheels"В"883"В"RS Wheels 883 6,5x16 5x114,3 ET 45 Dia 66,1"В"6,5"В"16"В"5"В"114,3"В"0"В"45"В"66,1"ВВ"---"В"4"В"3200"В"151"В"7460"
"1000203473"В"RS Wheels"В"883"В"RS Wheels 883 6,5x16 5x114,3 ET 45 Dia 67,1"В"6,5"В"16"В"5"В"114,3"В"0"В"45"В"67,1"ВВ"---"В"16"В"3070"В"151"В"7460"
"203583"В"RS Wheels"В"883"В"RS Wheels 883 6,5x16 5x114,3 ET 45 Dia 67,1 (MFLB)"В"6,5"В"16"В"5"В"114,3"В"0"В"45"В"67,1"В"MFLB"В"---"В"28"В"3070"В"151"В"7460"
"1000203568"В"RS Wheels"В"883"В"RS Wheels 883 6,5x16 5x114,3 ET 45 Dia 67,1 (BYL )"В"6,5"В"16"В"5"В"114,3"В"0"В"45"В"67,1"В"BYL "В"---"В"40"В"3070"В"151"В"7460"
"1000204571"В"RS Wheels"В"883"В"RS Wheels 883 7x16 5x110 ET 40 Dia 73,1 (MFLB)"В"7"В"16"В"5"В"110"В"0"В"40"В"73,1"В"MFLB"В"---"В"4"В"3070"В"151"В"7460"
"1000204445"В"RS Wheels"В"885"В"RS Wheels 885 6,5x15 4x100 ET 45 Dia 67,1 (BRL)"В"6,5"В"15"В"4"В"100"В"0"В"45"В"67,1"В"BRL"В"литой"В"4"В"2470"В"151"В"18538"
"1000204325"В"RS Wheels"В"886"В"RS Wheels 886 6,5x15 4x100/114,3 ET 45 Dia 67,1"В"6,5"В"15"В"4"В"100"В"114,3"В"45"В"67,1"ВВ"литой"В"4"В"2560"В"151"В"18661"
"1000203944"В"RS Wheels"В"886"В"RS Wheels 886 6,5x15 4x114,3 ET 45 Dia 67,1"В"6,5"В"15"В"4"В"114,3"В"0"В"45"В"67,1"ВВ"литой"В"4"В"2560"В"151"В"18661"
"247770"В"RS Wheels"В"887"В"RS Wheels 887 6x14 4x98 ET 38 Dia 58,6 (MLB)"В"6"В"14"В"4"В"98"В"0"В"38"В"58,6"В"MLB"В"---"В"28"В"1970"В"151"В"7459"
"1000203495"В"RS Wheels"В"887"В"RS Wheels 887 6x14 4x98 ET 38 Dia 58,6 (MW)"В"6"В"14"В"4"В"98"В"0"В"38"В"58,6"В"MW"В"---"В"4"В"1970"В"151"В"7459"
"1000204444"В"RS Wheels"В"887"В"RS Wheels 887 6,5x15 4x100 ET 40 Dia 67,1 (MLB)"В"6,5"В"15"В"4"В"100"В"0"В"40"В"67,1"В"MLB"В"---"В"9"В"2470"В"151"В"7459"
"1000204308"В"RS Wheels"В"887"В"RS Wheels 887 6,5x15 4x114,3 ET 40 Dia 67,1 (MLB)"В"6,5"В"15"В"4"В"114,3"В"0"В"40"В"67,1"В"MLB"В"---"В"1"В"2470"В"151"В"7459"
"1000204558"В"RS Wheels"В"887"В"RS Wheels 887 6,5x16 5x114,3 ET 45 Dia 67,1 (MLB)"В"6,5"В"16"В"5"В"114,3"В"0"В"45"В"67,1"В"MLB"В"---"В"4"В"3015"В"151"В"7459"
"1000203436"В"RS Wheels"В"887"В"RS Wheels 887 7x16 5x114,3 ET 45 Dia 67,1 (MLB)"В"7"В"16"В"5"В"114,3"В"0"В"45"В"67,1"В"MLB"В"---"В"4"В"3070"В"151"В"7459"
"1000203598"В"RS Wheels"В"889"В"RS Wheels 889 6,5x15 4x98 ET 35 Dia 58,6"В"6,5"В"15"В"4"В"98"В"0"В"35"В"58,6"ВВ"литой"В"8"В"2560"В"151"В"18536"
"1000203970"В"RS Wheels"В"896"В"RS Wheels 896 8,5x19 5x114,3 ET 35 Dia 73,1 (MLS)"В"8,5"В"19"В"5"В"114,3"В"0"В"35"В"73,1"В"MLS"В"---"В"4"В"6245"В"151"В"7463"
"1000203978"В"RS Wheels"В"896"В"RS Wheels 896 9,5x19 5x112 ET 38 Dia 66,6 (MLS)"В"9,5"В"19"В"5"В"112"В"0"В"38"В"66,6"В"MLS"В"---"В"4"В"6580"В"151"В"7463"
"1000203761"В"RS Wheels"В"897"В"RS Wheels 897 9,5x18 5x112 ET 38 Dia 66,6 (MS)"В"9,5"В"18"В"5"В"112"В"0"В"38"В"66,6"В"MS"В"---"В"4"В"4660"В"151"В"7461"
"1000204748"В"RS Wheels"В"932"В"RS Wheels 932 7,5x18 5x108 ET 49 Dia 67,1 (H/S)"В"7,5"В"18"В"5"В"108"В"0"В"49"В"67,1"В"H/S"В"литой"В"12"В"4755"В"151"В"23734"
"1000204749"В"RS Wheels"В"B559"В"RS Wheels B559 8,5x20 5x108 ET 49 Dia 67,1 (графит)"В"8,5"В"20"В"5"В"108"В"0"В"49"В"67,1"В"графит"В"литой"В"8"В"7455"В"151"В"23733"
"1000203789"В"RS Wheels"В"MS02"В"RS Wheels MS02 7x16 5x112 ET 35 Dia 66,6 (H/S)"В"7"В"16"В"5"В"112"В"0"В"35"В"66,6"В"H/S"В"---"В"4"В"3015"В"151"В"7470"
"1000203776"В"RS Wheels"В"R1"В"RS Wheels R1 5,5x13 4x98 ET 35 Dia 58,6 (MB)"В"5,5"В"13"В"4"В"98"В"0"В"35"В"58,6"В"MB"В"литой"В"4"В"1645"В"151"В"18992"
"1000204305"В"RS Wheels"В"R1"В"RS Wheels R1 7x16 5x114,3 ET 40 Dia 67,1"В"7"В"16"В"5"В"114,3"В"0"В"40"В"67,1"ВВ"литой"В"2"В"2975"В"151"В"18992"
"1000204364"В"RS Wheels"В"R1"В"RS Wheels R1 7,5x17 5x114,3 ET 35 Dia 67,1 (MB)"В"7,5"В"17"В"5"В"114,3"В"0"В"35"В"67,1"В"MB"В"литой"В"4"В"3890"В"151"В"18992"
"1000204742"В"RS Wheels"В"S734"В"RS Wheels S734 5,5x13 4x98 ET 5 Dia 58,6 (MB)"В"5,5"В"13"В"4"В"98"В"0"В"5"В"58,6"В"MB"В"литой"В"16"В"1645"В"151"В"23738"
"247771"В"RS Wheels"В"TI01"В"RS Wheels TI01 5,5x13 4x98 ET 35 Dia 58,6 (MB)"В"5,5"В"13"В"4"В"98"В"0"В"35"В"58,6"В"MB"В"литой"В"4"В"1645"В"151"В"18660"
"1000204683"В"RS Wheels"В"TI02"В"RS Wheels TI02 5,5x13 4x98 ET 20 Dia 58,6 (графит)"В"5,5"В"13"В"4"В"98"В"0"В"20"В"58,6"В"графит"В"литой"В"4"В"1645"В"151"В"18714"
"247775"В"RS Wheels"В"TI03"В"RS Wheels TI03 6x14 4x98 ET 38 Dia 58,6 (MB)"В"6"В"14"В"4"В"98"В"0"В"38"В"58,6"В"MB"В"литой"В"8"В"1970"В"151"В"18715"
"1000204692"В"RS Wheels"В"TI03"В"RS Wheels TI03 6x14 4x98 ET 38 Dia 58,6 (графит)"В"6"В"14"В"4"В"98"В"0"В"38"В"58,6"В"графит"В"литой"В"4"В"1970"В"151"В"18715"
"1000203700"В"RS Wheels"В"TI04"В"RS Wheels TI04 5,5x13 4x98 ET 29 Dia 58,6 (silver)"В"5,5"В"13"В"4"В"98"В"0"В"29"В"58,6"В"silver"В"литой"В"4"В"1645"В"151"В"18388"
"1000203722"В"RS Wheels"В"TI04"В"RS Wheels TI04 5,5x13 4x98 ET 29 Dia 58,6 (графит)"В"5,5"В"13"В"4"В"98"В"0"В"29"В"58,6"В"графит"В"литой"В"4"В"1645"В"151"В"18388"
"1000203671"В"RS Wheels"В"TI04"В"RS Wheels TI04 5,5x13 4x98 ET 35 Dia 58,6 (MB)"В"5,5"В"13"В"4"В"98"В"0"В"35"В"58,6"В"MB"В"литой"В"8"В"1645"В"151"В"18388"
"1000203521"В"RS Wheels"В"TI04"В"RS Wheels TI04 6x14 4x100 ET 40 Dia 67,1 (MB)"В"6"В"14"В"4"В"100"В"0"В"40"В"67,1"В"MB"В"литой"В"20"В"1970"В"151"В"18388"
"1000203523"В"RS Wheels"В"TI04"В"RS Wheels TI04 6x14 4x100 ET 40 Dia 67,1 (MW)"В"6"В"14"В"4"В"100"В"0"В"40"В"67,1"В"MW"В"литой"В"16"В"1970"В"151"В"18388"
"1000204685"В"RS Wheels"В"TI05"В"RS Wheels TI05 5,5x13 4x98 ET 9 Dia 58,6 (MB)"В"5,5"В"13"В"4"В"98"В"0"В"9"В"58,6"В"MB"В"литой"В"16"В"1645"В"151"В"22096"
"1000204407"В"RS Wheels"В"TI05"В"RS Wheels TI05 8,5x15 6x139,7/110,5 ET -26 Dia 110,5 (MB)"В"8,5"В"15"В"6"В"139,7"В"110,5"В"-26"В"110,5"В"MB"В"литой"В"12"В"2745"В"151"В"22096"
"247776"В"RS Wheels"В"TI07"В"RS Wheels TI07 6x14 4x98 ET 38 Dia 58,6 (MB)"В"6"В"14"В"4"В"98"В"0"В"38"В"58,6"В"MB"В"литой"В"8"В"1970"В"151"В"18717"
"1000203778"В"RS Wheels"В"TI07"В"RS Wheels TI07 6,5x15 4x100 ET 40 Dia 67,1 (MB)"В"6,5"В"15"В"4"В"100"В"0"В"40"В"67,1"В"MB"В"литой"В"8"В"2470"В"151"В"18717"
"1000204197"В"RS Wheels"В"TI08"В"RS Wheels TI08 7x16 4x108 ET 20 Dia 65,1 (MLB)"В"7"В"16"В"4"В"108"В"0"В"20"В"65,1"В"MLB"В"литой"В"4"В"2975"В"151"В"21642"
"1000203524"В"RS Wheels"В"TI10"В"RS Wheels TI10 6x14 4x100 ET 40 Dia 67,1 (белый)"В"6"В"14"В"4"В"100"В"0"В"40"В"67,1"В"белый"В"литой"В"4"В"1970"В"151"В"18389"
"188701"В"RS Wheels"В"TI10"В"RS Wheels TI10 6x14 4x98 ET 38 Dia 58,6"В"6"В"14"В"4"В"98"В"0"В"38"В"58,6"ВВ"литой"В"12"В"1970"В"151"В"18389"
"1000203646"В"RS Wheels"В"Z18"В"RS Wheels Z18 7x16 5x100 ET 43 Dia 67,1 (DBM)"В"7"В"16"В"5"В"100"В"0"В"43"В"67,1"В"DBM"В"литой"В"4"В"3070"В"151"В"18387"
"1000204588"В"RS Wheels"В"Z21"В"RS Wheels Z21 6,5x15 4x114,3 ET 45 Dia 67,1 (графит)"В"6,5"В"15"В"4"В"114,3"В"0"В"45"В"67,1"В"графит"В"литой"В"8"В"2470"В"151"В"18544"
"1000203615"В"RS Wheels"В"Z21"В"RS Wheels Z21 7x16 5x108 ET 50 Dia 67,1 (silver)"В"7"В"16"В"5"В"108"В"0"В"50"В"67,1"В"silver"В"литой"В"8"В"2975"В"151"В"18544"
"1000204572"В"RS Wheels"В"Z21"В"RS Wheels Z21 7x16 5x110 ET 45 Dia 73,1 (графит)"В"7"В"16"В"5"В"110"В"0"В"45"В"73,1"В"графит"В"литой"В"8"В"2975"В"151"В"18544"
"1000204694"В"RS Wheels"В"Z21"В"RS Wheels Z21 7x16 5x112 ET 45 Dia 73,1 (графит)"В"7"В"16"В"5"В"112"В"0"В"45"В"73,1"В"графит"В"литой"В"8"В"2975"В"151"В"18544"
"1000204574"В"RS Wheels"В"Z21"В"RS Wheels Z21 7x16 5x114,3 ET 45 Dia 67,1 (MB)"В"7"В"16"В"5"В"114,3"В"0"В"45"В"67,1"В"MB"В"литой"В"1"В"2975"В"151"В"18544"
"1000204575"В"RS Wheels"В"Z21"В"RS Wheels Z21 7x16 5x114,3 ET 45 Dia 67,1 (графит)"В"7"В"16"В"5"В"114,3"В"0"В"45"В"67,1"В"графит"В"литой"В"3"В"2975"В"151"В"18544"
"1000202826"В"Racing Wheels"В"H-249"В"Racing Wheels H-249 5,5x13 4x98/114,3 ET 38 Dia 73,1 (H/S)"В"5,5"В"13"В"4"В"98"В"114,3"В"38"В"73,1"В"H/S"В"литой"В"4"В"1310"В"62"В"8866"
"1000202906"В"Racing Wheels"В"H-344"В"Racing Wheels H-344 6x14 4x98 ET 35 Dia 58,6 (HP/HS)"В"6"В"14"В"4"В"98"В"0"В"35"В"58,6"В"HP/HS"В"литой"В"8"В"2245"В"62"В"12586"
"1000202903"В"Racing Wheels"В"H-364"В"Racing Wheels H-364 6,5x15 4x100 ET 35 Dia 67,1 (черный)"В"6,5"В"15"В"4"В"100"В"0"В"35"В"67,1"В"черный"В"литой"В"4"В"2965"В"62"В"8661"
"152828"В"Replica"В"Audi (A25)"В"Replica Audi (A25) 7x16 5x112 ET 46 Dia 66,6 (GMF)"В"7"В"16"В"5"В"112"В"0"В"46"В"66,6"В"GMF"В"литой"В"4"В"3435"В"37"В"2756"
"161108"В"Replica"В"Audi (A25)"В"Replica Audi (A25) 7x16 5x112 ET 46 Dia 66,6 (MB)"В"7"В"16"В"5"В"112"В"0"В"46"В"66,6"В"MB"В"литой"В"4"В"3435"В"37"В"2756"
"228024"В"Replica"В"Audi (A25)"В"Replica Audi (A25) 7x16 5x112 ET 46 Dia 66,6 (MBF)"В"7"В"16"В"5"В"112"В"0"В"46"В"66,6"В"MBF"В"литой"В"8"В"3435"В"37"В"2756"
"234711"В"Replica"В"Audi (A25)"В"Replica Audi (A25) 7x16 5x112 ET 46 Dia 66,6 (MW)"В"7"В"16"В"5"В"112"В"0"В"46"В"66,6"В"MW"В"литой"В"4"В"3435"В"37"В"2756"
"190052"В"Replica"В"Audi (A25)"В"Replica Audi (A25) 7,5x17 5x112 ET 45 Dia 66,6 (MB)"В"7,5"В"17"В"5"В"112"В"0"В"45"В"66,6"В"MB"В"литой"В"8"В"4205"В"37"В"2756"
"234709"В"Replica"В"Audi (A25)"В"Replica Audi (A25) 7,5x17 5x112 ET 45 Dia 66,6 (MW)"В"7,5"В"17"В"5"В"112"В"0"В"45"В"66,6"В"MW"В"литой"В"4"В"4205"В"37"В"2756"
"190053"В"Replica"В"Audi (A25)"В"Replica Audi (A25) 8x18 5x112 ET 39 Dia 66,6 (GMF)"В"8"В"18"В"5"В"112"В"0"В"39"В"66,6"В"GMF"В"литой"В"4"В"4845"В"37"В"2756"
"190054"В"Replica"В"Audi (A25)"В"Replica Audi (A25) 8x19 5x112 ET 39 Dia 66,6 (GMF)"В"8"В"19"В"5"В"112"В"0"В"39"В"66,6"В"GMF"В"литой"В"4"В"6265"В"37"В"2756"
"202405"В"Replica"В"Audi (A25)"В"Replica Audi (A25) 9x20 5x112 ET 29 Dia 66,6 (GM)"В"9"В"20"В"5"В"112"В"0"В"29"В"66,6"В"GM"В"литой"В"4"В"8000"В"37"В"2756"
"202406"В"Replica"В"Audi (A25)"В"Replica Audi (A25) 9x20 5x112 ET 29 Dia 66,6 (MB)"В"9"В"20"В"5"В"112"В"0"В"29"В"66,6"В"MB"В"литой"В"8"В"7675"В"37"В"2756"
"175940"В"Replica"В"Audi (A31)"В"Replica Audi (A31) 8x17 5x112 ET 39 Dia 66,6 (GMF)"В"8"В"17"В"5"В"112"В"0"В"39"В"66,6"В"GMF"В"литой"В"4"В"4345"В"37"В"2753"
"195873"В"Replica"В"Audi (A33)"В"Replica Audi (A33) 7,5x16 5x112 ET 45 Dia 66,6 (MB)"В"7,5"В"16"В"5"В"112"В"0"В"45"В"66,6"В"MB"В"литой"В"8"В"3435"В"37"В"2749"
"143189"В"Replica"В"Audi (A33)"В"Replica Audi (A33) 7,5x17 5x112 ET 45 Dia 66,6 (HP)"В"7,5"В"17"В"5"В"112"В"0"В"45"В"66,6"В"HP"В"литой"В"8"В"4440"В"37"В"2749"
"143190"В"Replica"В"Audi (A33)"В"Replica Audi (A33) 7,5x17 5x112 ET 45 Dia 66,6 (MB)"В"7,5"В"17"В"5"В"112"В"0"В"45"В"66,6"В"MB"В"литой"В"4"В"4205"В"37"В"2749"
"228050"В"Replica"В"Audi (A33)"В"Replica Audi (A33) 8x18 5x112 ET 26 Dia 66,6 (MB)"В"8"В"18"В"5"В"112"В"0"В"26"В"66,6"В"MB"В"литой"В"4"В"5025"В"37"В"2749"
"138914"В"Replica"В"Audi (A33)"В"Replica Audi (A33) 8x18 5x112 ET 39 Dia 66,6 (HP)"В"8"В"18"В"5"В"112"В"0"В"39"В"66,6"В"HP"В"литой"В"4"В"5025"В"37"В"2749"
"20478"В"Replica"В"Audi (A34)"В"Replica Audi (A34) 8x18 5x112 ET 43 Dia 57,1 (silver)"В"8"В"18"В"5"В"112"В"0"В"43"В"57,1"В"silver"В"литой"В"4"В"4845"В"37"В"5698"
"130733"В"Replica"В"Audi (A34)"В"Replica Audi (A34) 8x18 5x112 ET 39 Dia 66,6 (silver)"В"8"В"18"В"5"В"112"В"0"В"39"В"66,6"В"silver"В"литой"В"12"В"4845"В"37"В"5698"
"171068"В"Replica"В"Audi (A34)"В"Replica Audi (A34) 8,5x19 5x112 ET 43 Dia 57,1 (silver)"В"8,5"В"19"В"5"В"112"В"0"В"43"В"57,1"В"silver"В"литой"В"4"В"6760"В"37"В"5698"
"34862"В"Replica"В"Audi (A34)"В"Replica Audi (A34) 8,5x19 5x112 ET 32 Dia 66,6 (MB)"В"8,5"В"19"В"5"В"112"В"0"В"32"В"66,6"В"MB"В"литой"В"4"В"6760"В"37"В"5698"
"166193"В"Replica"В"Audi (A36)"В"Replica Audi (A36) 8x19 5x112 ET 39 Dia 66,6 (белый)"В"8"В"19"В"5"В"112"В"0"В"39"В"66,6"В"белый"В"литой"В"4"В"6265"В"37"В"7310"
"162700"В"Replica"В"Audi (A40)"В"Replica Audi (A40) 8x18 5x130 ET 56 Dia 71,6 (BKF)"В"8"В"18"В"5"В"130"В"0"В"56"В"71,6"В"BKF"В"литой"В"4"В"5260"В"37"В"7300"
"162701"В"Replica"В"Audi (A40)"В"Replica Audi (A40) 8x18 5x130 ET 56 Dia 71,6 (SF)"В"8"В"18"В"5"В"130"В"0"В"56"В"71,6"В"SF"В"литой"В"4"В"5260"В"37"В"7300"
"234776"В"Replica"В"Audi (A40)"В"Replica Audi (A40) 8x18 5x130 ET 56 Dia 71,6 (GMF)"В"8"В"18"В"5"В"130"В"0"В"56"В"71,6"В"GMF"В"литой"В"8"В"5260"В"37"В"7300"
"152831"В"Replica"В"Audi (A40)"В"Replica Audi (A40) 9x20 5x130 ET 60 Dia 71,6 (MBF)"В"9"В"20"В"5"В"130"В"0"В"60"В"71,6"В"MBF"В"литой"В"4"В"7765"В"37"В"7300"
"158834"В"Replica"В"Audi (A44)"В"Replica Audi (A44) 8x18 5x112 ET 38 Dia 57,1 (SF)"В"8"В"18"В"5"В"112"В"0"В"38"В"57,1"В"SF"В"литой"В"4"В"4895"В"37"В"14063"
"138916"В"Replica"В"Audi (A44)"В"Replica Audi (A44) 8x18 5x112 ET 39 Dia 66,6 (BKF)"В"8"В"18"В"5"В"112"В"0"В"39"В"66,6"В"BKF"В"литой"В"4"В"4935"В"37"В"14063"
"148219"В"Replica"В"Audi (A44)"В"Replica Audi (A44) 8,5x19 5x112 ET 32 Dia 66,6 (SF)"В"8,5"В"19"В"5"В"112"В"0"В"32"В"66,6"В"SF"В"литой"В"4"В"6265"В"37"В"14063"
"176102"В"Replica"В"Audi (A48)"В"Replica Audi (A48) 7x16 5x112 ET 39 Dia 66,6 (GMF)"В"7"В"16"В"5"В"112"В"0"В"39"В"66,6"В"GMF"В"литой"В"4"В"3435"В"37"В"15812"
"170288"В"Replica"В"Audi (A51)"В"Replica Audi (A51) 9x20 5x112 ET 39 Dia 66,6 (MB)"В"9"В"20"В"5"В"112"В"0"В"39"В"66,6"В"MB"В"литой"В"12"В"7675"В"37"В"17481"
"171070"В"Replica"В"Audi (A51)"В"Replica Audi (A51) 9x20 5x130 ET 60 Dia 71,6 (GM)"В"9"В"20"В"5"В"130"В"0"В"60"В"71,6"В"GM"В"литой"В"4"В"7675"В"37"В"17481"
"1000203927"В"Replica"В"Audi (A853)"В"Replica Audi (A853) 8x18 5x130 ET 57 Dia 71,6 (графит)"В"8"В"18"В"5"В"130"В"0"В"57"В"71,6"В"графит"В"литой"В"1"В"6125"В"37"В"20126"
"228137"В"Replica"В"BMW (B52)"В"Replica BMW (B52) 7,5x16 5x120 ET 38 Dia 72,6 (MB)"В"7,5"В"16"В"5"В"120"В"0"В"38"В"72,6"В"MB"В"литой"В"4"В"3435"В"37"В"2042"
"123002"В"Replica"В"BMW (B57)"В"Replica BMW (B57) 9,5x20 5x120 ET 45 Dia 72,6 (silver)"В"9,5"В"20"В"5"В"120"В"0"В"45"В"72,6"В"silver"В"литой"В"6"В"7820"В"37"В"4436"
"190931"В"Replica"В"BMW (B58)"В"Replica BMW (B58) 8x18 5x120 ET 14 Dia 72,6 (GMF)"В"8"В"18"В"5"В"120"В"0"В"14"В"72,6"В"GMF"В"литой"В"4"В"5210"В"37"В"2773"
"161110"В"Replica"В"BMW (B58)"В"Replica BMW (B58) 8x18 5x120 ET 34 Dia 72,6 (GMF)"В"8"В"18"В"5"В"120"В"0"В"34"В"72,6"В"GMF"В"литой"В"4"В"5025"В"37"В"2773"
"20763"В"Replica"В"BMW (B66)"В"Replica BMW (B66) 8x17 5x120 ET 20 Dia 72,6 (silver)"В"8"В"17"В"5"В"120"В"0"В"20"В"72,6"В"silver"В"литой"В"4"В"3340"В"37"В"5699"
"198205"В"Replica"В"BMW (B70)"В"Replica BMW (B70) 8x18 5x120 ET 46 Dia 72,6 (MB)"В"8"В"18"В"5"В"120"В"0"В"46"В"72,6"В"MB"В"литой"В"2"В"5025"В"37"В"2770"
"228148"В"Replica"В"BMW (B70)"В"Replica BMW (B70) 9x18 5x120 ET 41 Dia 72,6 (MB)"В"9"В"18"В"5"В"120"В"0"В"41"В"72,6"В"MB"В"литой"В"2"В"5025"В"37"В"2770"
"31344"В"Replica"В"BMW (B70)"В"Replica BMW (B70) 10x20 5x120 ET 40 Dia 74,1 (silver)"В"10"В"20"В"5"В"120"В"0"В"40"В"74,1"В"silver"В"литой"В"8"В"14850"В"37"В"2770"
"144841"В"Replica"В"BMW (B70)"В"Replica BMW (B70) 11x20 5x120 ET 37 Dia 72,6 (MB)"В"11"В"20"В"5"В"120"В"0"В"37"В"72,6"В"MB"В"литой"В"2"В"8135"В"37"В"2770"
"20792"В"Replica"В"BMW (B70)"В"Replica BMW (B70) 11x20 5x120 ET 37 Dia 74,1 (MB)"В"11"В"20"В"5"В"120"В"0"В"37"В"74,1"В"MB"В"литой"В"2"В"8000"В"37"В"2770"
"20793"В"Replica"В"BMW (B70)"В"Replica BMW (B70) 11x20 5x120 ET 37 Dia 74,1 (silver)"В"11"В"20"В"5"В"120"В"0"В"37"В"74,1"В"silver"В"литой"В"1"В"14305"В"37"В"2770"
"68803"В"Replica"В"BMW (B74)"В"Replica BMW (B74) 10x20 5x120 ET 40 Dia 74,1 (silver)"В"10"В"20"В"5"В"120"В"0"В"40"В"74,1"В"silver"В"литой"В"2"В"8000"В"37"В"4439"
"150232"В"Replica"В"BMW (B74)"В"Replica BMW (B74) 10x20 5x120 ET 40 Dia 74,1 (белый)"В"10"В"20"В"5"В"120"В"0"В"40"В"74,1"В"белый"В"литой"В"2"В"8000"В"37"В"4439"
"68804"В"Replica"В"BMW (B74)"В"Replica BMW (B74) 11x20 5x120 ET 37 Dia 72,6 (silver)"В"11"В"20"В"5"В"120"В"0"В"37"В"72,6"В"silver"В"литой"В"2"В"8000"В"37"В"4439"
"133814"В"Replica"В"BMW (B74)"В"Replica BMW (B74) 11x20 5x120 ET 37 Dia 72,6 (MB)"В"11"В"20"В"5"В"120"В"0"В"37"В"72,6"В"MB"В"литой"В"4"В"8185"В"37"В"4439"
"166204"В"Replica"В"BMW (B74)"В"Replica BMW (B74) 11x20 5x120 ET 37 Dia 74,1 (белый)"В"11"В"20"В"5"В"120"В"0"В"37"В"74,1"В"белый"В"литой"В"2"В"8000"В"37"В"4439"
"20747"В"Replica"В"BMW (B79)"В"Replica BMW (B79) 7x16 5x120 ET 20 Dia 74,1 (silver)"В"7"В"16"В"5"В"120"В"0"В"20"В"74,1"В"silver"В"---"В"4"В"2925"В"37"В"7153"
"137689"В"Replica"В"BMW (B80)"В"Replica BMW (B80) 10,5x20 5x120 ET 30 Dia 72,6 (silver)"В"10,5"В"20"В"5"В"120"В"0"В"30"В"72,6"В"silver"В"литой"В"2"В"7585"В"37"В"14066"
"137690"В"Replica"В"BMW (B80)"В"Replica BMW (B80) 9,5x20 5x120 ET 45 Dia 72,6 (silver)"В"9,5"В"20"В"5"В"120"В"0"В"45"В"72,6"В"silver"В"литой"В"2"В"7585"В"37"В"14066"
"133928"В"Replica"В"BMW (B80)"В"Replica BMW (B80) 10x21 5x120 ET 40 Dia 74,1 (silver)"В"10"В"21"В"5"В"120"В"0"В"40"В"74,1"В"silver"В"литой"В"2"В"9805"В"37"В"14066"
"133929"В"Replica"В"BMW (B80)"В"Replica BMW (B80) 11,5x21 5x120 ET 38 Dia 74,1 (silver)"В"11,5"В"21"В"5"В"120"В"0"В"38"В"74,1"В"silver"В"литой"В"2"В"9805"В"37"В"14066"
"70060"В"Replica"В"BMW (B82)"В"Replica BMW (B82) 9x19 5x120 ET 18 Dia 72,6 (silver)"В"9"В"19"В"5"В"120"В"0"В"18"В"72,6"В"silver"В"литой"В"4"В"6580"В"37"В"13053"
"34909"В"Replica"В"BMW (B84)"В"Replica BMW (B84) 8x18 5x120 ET 20 Dia 72,6 (SF)"В"8"В"18"В"5"В"120"В"0"В"20"В"72,6"В"SF"В"литой"В"2"В"5390"В"37"В"10828"
"34910"В"Replica"В"BMW (B84)"В"Replica BMW (B84) 8x18 5x120 ET 34 Dia 72,6 (SF)"В"8"В"18"В"5"В"120"В"0"В"34"В"72,6"В"SF"В"литой"В"6"В"5300"В"37"В"10828"
"60615"В"Replica"В"BMW (B84)"В"Replica BMW (B84) 8,5x19 5x120 ET 15 Dia 72,6 (SF)"В"8,5"В"19"В"5"В"120"В"0"В"15"В"72,6"В"SF"В"литой"В"2"В"6540"В"37"В"10828"
"68812"В"Replica"В"BMW (B84)"В"Replica BMW (B84) 9,5x19 5x120 ET 20 Dia 72,6 (SF)"В"9,5"В"19"В"5"В"120"В"0"В"20"В"72,6"В"SF"В"литой"В"2"В"6540"В"37"В"10828"
"31351"В"Replica"В"BMW (B93)"В"Replica BMW (B93) 7,5x17 5x120 ET 20 Dia 72,6 (silver)"В"7,5"В"17"В"5"В"120"В"0"В"20"В"72,6"В"silver"В"---"В"4"В"4205"В"37"В"7313"
"166211"В"Replica"В"BMW (B93)"В"Replica BMW (B93) 7,5x17 5x120 ET 20 Dia 72,6 (белый)"В"7,5"В"17"В"5"В"120"В"0"В"20"В"72,6"В"белый"В"---"В"8"В"4205"В"37"В"7313"
"34919"В"Replica"В"BMW (B93)"В"Replica BMW (B93) 7,5x17 5x120 ET 20 Dia 74,1 (MB)"В"7,5"В"17"В"5"В"120"В"0"В"20"В"74,1"В"MB"В"---"В"2"В"4345"В"37"В"7313"
"1000202708"В"Replica"В"BMW (BM13)"В"Replica BMW (BM13) 8,5x19 5x120 ET 18 Dia 72,6 (белый)"В"8,5"В"19"В"5"В"120"В"0"В"18"В"72,6"В"белый"В"---"В"4"В"9135"В"37"В"7255"
"152841"В"Replica"В"BMW (BM518)"В"Replica BMW (BM518) 11x20 5x120 ET 37 Dia 74,1 (silver)"В"11"В"20"В"5"В"120"В"0"В"37"В"74,1"В"silver"В"литой"В"4"В"7495"В"37"В"16848"
"22026"В"Replica"В"Chevrolet (CH6)"В"Replica Chevrolet (CH6) 7x17 5x115 ET 45 Dia 70,1 (SFP)"В"7"В"17"В"5"В"115"В"0"В"45"В"70,1"В"SFP"В"---"В"4"В"3890"В"37"В"7259"
"18041"В"Replica"В"Chevrolet (GM12)"В"Replica Chevrolet (GM12) 5,5x14 4x100 ET 49 Dia 56,6 (H/S)"В"5,5"В"14"В"4"В"100"В"0"В"49"В"56,6"В"H/S"В"литой"В"1"В"2265"В"37"В"2789"
"139704"В"Replica"В"Chevrolet (GM13)"В"Replica Chevrolet (GM13) 6x15 4x114,3 ET 44 Dia 56,6 (белый)"В"6"В"15"В"4"В"114,3"В"0"В"44"В"56,6"В"белый"В"литой"В"4"В"2650"В"37"В"2790"
"20831"В"Replica"В"Chevrolet (GM17)"В"Replica Chevrolet (GM17) 6x15 4x114,3 ET 44 Dia 56,6 (silver)"В"6"В"15"В"4"В"114,3"В"0"В"44"В"56,6"В"silver"В"---"В"4"В"2650"В"37"В"7156"
"20828"В"Replica"В"Chevrolet (GM18)"В"Replica Chevrolet (GM18) 6x15 4x100 ET 49 Dia 56,6 (silver)"В"6"В"15"В"4"В"100"В"0"В"49"В"56,6"В"silver"В"---"В"4"В"2795"В"37"В"7608"
"133930"В"Replica"В"Chevrolet (GM18)"В"Replica Chevrolet (GM18) 6x15 4x114,3 ET 44 Dia 56,6 (белый)"В"6"В"15"В"4"В"114,3"В"0"В"44"В"56,6"В"белый"В"---"В"4"В"2610"В"37"В"7608"
"122904"В"Replica"В"Chevrolet (GM23)"В"Replica Chevrolet (GM23) 6,5x16 5x105 ET 39 Dia 56,6 (silver)"В"6,5"В"16"В"5"В"105"В"0"В"39"В"56,6"В"silver"В"---"В"4"В"3380"В"37"В"7610"
"130735"В"Replica"В"Chevrolet (GM23)"В"Replica Chevrolet (GM23) 6,5x16 5x105 ET 39 Dia 56,6 (MB)"В"6,5"В"16"В"5"В"105"В"0"В"39"В"56,6"В"MB"В"---"В"4"В"3435"В"37"В"7610"
"131705"В"Replica"В"Chevrolet (GM23)"В"Replica Chevrolet (GM23) 7x17 5x105 ET 42 Dia 56,6 (silver)"В"7"В"17"В"5"В"105"В"0"В"42"В"56,6"В"silver"В"---"В"8"В"4115"В"37"В"7610"
"151042"В"Replica"В"Chevrolet (GM23)"В"Replica Chevrolet (GM23) 7x17 5x105 ET 42 Dia 56,6 (MB)"В"7"В"17"В"5"В"105"В"0"В"42"В"56,6"В"MB"В"---"В"4"В"4205"В"37"В"7610"
"1000202891"В"Replica"В"Chevrolet (GM23)"В"Replica Chevrolet (GM23) 7x18 5x114,3 ET 45 Dia 70,1 (хром)"В"7"В"18"В"5"В"114,3"В"0"В"45"В"70,1"В"хром"В"---"В"8"В"5990"В"37"В"7610"
"138918"В"Replica"В"Chevrolet (GM23)"В"Replica Chevrolet (GM23) 7x18 5x115 ET 45 Dia 70,1 (MB)"В"7"В"18"В"5"В"115"В"0"В"45"В"70,1"В"MB"В"---"В"4"В"4935"В"37"В"7610"
"166223"В"Replica"В"Chevrolet (GM23)"В"Replica Chevrolet (GM23) 7x18 5x115 ET 45 Dia 70,1 (белый)"В"7"В"18"В"5"В"115"В"0"В"45"В"70,1"В"белый"В"---"В"8"В"4935"В"37"В"7610"
"176105"В"Replica"В"Chevrolet (GM24)"В"Replica Chevrolet (GM24) 7x17 5x105 ET 42 Dia 56,6 (SF)"В"7"В"17"В"5"В"105"В"0"В"42"В"56,6"В"SF"В"литой"В"4"В"4205"В"37"В"18007"
"166224"В"Replica"В"Chevrolet (GM27)"В"Replica Chevrolet (GM27) 7x18 5x115 ET 54 Dia 70,1 (silver)"В"7"В"18"В"5"В"115"В"0"В"54"В"70,1"В"silver"В"литой"В"4"В"4075"В"37"В"15823"
"151923"В"Replica"В"Chrysler (CR4)"В"Replica Chrysler (CR4) 7,5x18 5x115 ET 24 Dia 71,6 (silver)"В"7,5"В"18"В"5"В"115"В"0"В"24"В"71,6"В"silver"В"литой"В"4"В"4845"В"37"В"4445"
"153196"В"Replica"В"Citroen (CI10)"В"Replica Citroen (CI10) 6,5x16 5x114,3 ET 38 Dia 67,1 (GMF)"В"6,5"В"16"В"5"В"114,3"В"0"В"38"В"67,1"В"GMF"В"литой"В"1"В"3655"В"37"В"14071"
"230299"В"Replica"В"Citroen (CI14)"В"Replica Citroen (CI14) 6,5x16 4x108 ET 26 Dia 65,1 (silver)"В"6,5"В"16"В"4"В"108"В"0"В"26"В"65,1"В"silver"В"литой"В"8"В"3435"В"37"В"20020"
"231004"В"Replica"В"Citroen (CI14)"В"Replica Citroen (CI14) 6,5x16 4x108 ET 26 Dia 65,1 (GM)"В"6,5"В"16"В"4"В"108"В"0"В"26"В"65,1"В"GM"В"литой"В"8"В"3435"В"37"В"20020"
"227262"В"Replica"В"Citroen (CI5)"В"Replica Citroen (CI5) 6x15 4x108 ET 27 Dia 65,1 (белый)"В"6"В"15"В"4"В"108"В"0"В"27"В"65,1"В"белый"В"---"В"8"В"2650"В"37"В"7314"
"20843"В"Replica"В"Citroen (CI6)"В"Replica Citroen (CI6) 6x15 4x108 ET 27 Dia 65,1 (silver)"В"6"В"15"В"4"В"108"В"0"В"27"В"65,1"В"silver"В"---"В"8"В"2650"В"37"В"7315"
"223868"В"Replica"В"Citroen (CI6)"В"Replica Citroen (CI6) 6x15 4x108 ET 27 Dia 65,1 (MB)"В"6"В"15"В"4"В"108"В"0"В"27"В"65,1"В"MB"В"---"В"4"В"2650"В"37"В"7315"
"34562"В"Replica"В"Dodge (DO2)"В"Replica Dodge (DO2) 7x17 5x114,3 Dia 72,5 (silver)"В"7"В"17"В"5"В"114,3"В"0"В"0"В"72,5"В"silver"В"---"В"4"В"3890"В"37"В"7564"
"20855"В"Replica"В"Fiat (FT3)"В"Replica Fiat (FT3) 6x15 4x100 ET 43 Dia 56,6 (silver)"В"6"В"15"В"4"В"100"В"0"В"43"В"56,6"В"silver"В"литой"В"4"В"2285"В"37"В"4454"
"149182"В"Replica"В"Fiat (FT4)"В"Replica Fiat (FT4) 5,5x14 4x98 ET 37 Dia 58,1 (silver)"В"5,5"В"14"В"4"В"98"В"0"В"37"В"58,1"В"silver"В"литой"В"4"В"2195"В"37"В"7081"
"20858"В"Replica"В"Fiat (FT6)"В"Replica Fiat (FT6) 6,5x17 4x100 ET 46 Dia 56,6 (silver)"В"6,5"В"17"В"4"В"100"В"0"В"46"В"56,6"В"silver"В"---"В"4"В"3290"В"37"В"7686"
"20869"В"Replica"В"Ford (FD21)"В"Replica Ford (FD21) 6,5x16 5x108 ET 50 Dia 63,3 (silver)"В"6,5"В"16"В"5"В"108"В"0"В"50"В"63,3"В"silver"В"литой"В"8"В"3910"В"37"В"4458"
"18308"В"Replica"В"Ford (FD21)"В"Replica Ford (FD21) 7,5x17 5x108 ET 55 Dia 63,3 (хром)"В"7,5"В"17"В"5"В"108"В"0"В"55"В"63,3"В"хром"В"литой"В"4"В"5485"В"37"В"4458"
"20886"В"Replica"В"Ford (FD21)"В"Replica Ford (FD21) 7,5x17 5x108 ET 55 Dia 63,3 (silver)"В"7,5"В"17"В"5"В"108"В"0"В"55"В"63,3"В"silver"В"литой"В"1"В"4755"В"37"В"4458"
"167864"В"Replica"В"Ford (FD24)"В"Replica Ford (FD24) 6,5x16 4x108 ET 41,5 Dia 63,3 (SF)"В"6,5"В"16"В"4"В"108"В"0"В"41,5"В"63,3"В"SF"В"---"В"8"В"3435"В"37"В"7154"
"34936"В"Replica"В"Ford (FD28)"В"Replica Ford (FD28) 7,5x17 5x108 ET 52,5 Dia 63,3 (хром)"В"7,5"В"17"В"5"В"108"В"0"В"52,5"В"63,3"В"хром"В"---"В"4"В"5300"В"37"В"7644"
"34937"В"Replica"В"Ford (FD28)"В"Replica Ford (FD28) 7,5x17 5x108 ET 52,5 Dia 63,3 (MB)"В"7,5"В"17"В"5"В"108"В"0"В"52,5"В"63,3"В"MB"В"---"В"24"В"4205"В"37"В"7644"
"34938"В"Replica"В"Ford (FD28)"В"Replica Ford (FD28) 7,5x17 5x108 ET 52,5 Dia 63,3 (silver)"В"7,5"В"17"В"5"В"108"В"0"В"52,5"В"63,3"В"silver"В"---"В"12"В"4205"В"37"В"7644"
"17979"В"Replica"В"Ford (FD30)"В"Replica Ford (FD30) 6x15 5x108 ET 52,5 Dia 63,3 (хром)"В"6"В"15"В"5"В"108"В"0"В"52,5"В"63,3"В"хром"В"---"В"4"В"4255"В"37"В"7646"
"20879"В"Replica"В"Ford (FD4)"В"Replica Ford (FD4) 6,5x16 5x108 ET 52,5 Dia 63,3 (FSF)"В"6,5"В"16"В"5"В"108"В"0"В"52,5"В"63,3"В"FSF"В"литой"В"1"В"3380"В"37"В"2050"
"22013"В"Replica"В"Ford (FO4)"В"Replica Ford (FO4) 6x15 4x108 ET 52,5 Dia 63,4 (SFP)"В"6"В"15"В"4"В"108"В"0"В"52,5"В"63,4"В"SFP"В"---"В"4"В"2835"В"37"В"7568"
"138919"В"Replica"В"Honda (H12)"В"Replica Honda (H12) 6,5x16 5x114,3 ET 45 Dia 64,1 (белый)"В"6,5"В"16"В"5"В"114,3"В"0"В"45"В"64,1"В"белый"В"литой"В"4"В"3380"В"37"В"4464"
"34957"В"Replica"В"Honda (H15)"В"Replica Honda (H15) 7x18 5x114,3 ET 50 Dia 64,1 (GM)"В"7"В"18"В"5"В"114,3"В"0"В"50"В"64,1"В"GM"В"литой"В"12"В"4845"В"37"В"2792"
"136632"В"Replica"В"Honda (H15)"В"Replica Honda (H15) 7,5x19 5x114,3 ET 50 Dia 64,1 (GM)"В"7,5"В"19"В"5"В"114,3"В"0"В"50"В"64,1"В"GM"В"литой"В"4"В"6690"В"37"В"2792"
"20903"В"Replica"В"Honda (H17)"В"Replica Honda (H17) 6,5x16 5x114,3 ET 45 Dia 64,1 (хром)"В"6,5"В"16"В"5"В"114,3"В"0"В"45"В"64,1"В"хром"В"литой"В"4"В"5300"В"37"В"7047"
"137973"В"Replica"В"Honda (H19)"В"Replica Honda (H19) 6,5x16 5x114,3 ET 45 Dia 64,1 (GM)"В"6,5"В"16"В"5"В"114,3"В"0"В"45"В"64,1"В"GM"В"---"В"4"В"3435"В"37"В"7598"
"166247"В"Replica"В"Honda (H19)"В"Replica Honda (H19) 6,5x16 5x114,3 ET 45 Dia 64,1 (белый)"В"6,5"В"16"В"5"В"114,3"В"0"В"45"В"64,1"В"белый"В"---"В"4"В"3435"В"37"В"7598"
"20918"В"Replica"В"Honda (H20)"В"Replica Honda (H20) 6,5x16 5x114,3 ET 55 Dia 64,1 (silver)"В"6,5"В"16"В"5"В"114,3"В"0"В"55"В"64,1"В"silver"В"---"В"4"В"3015"В"37"В"7599"
"20922"В"Replica"В"Honda (H23)"В"Replica Honda (H23) 6,5x17 5x114,3 ET 50 Dia 64,1 (GMF)"В"6,5"В"17"В"5"В"114,3"В"0"В"50"В"64,1"В"GMF"В"---"В"4"В"4205"В"37"В"7600"
"47219"В"Replica"В"Honda (H23)"В"Replica Honda (H23) 6,5x17 5x114,3 ET 50 Dia 64,1 (MBF)"В"6,5"В"17"В"5"В"114,3"В"0"В"50"В"64,1"В"MBF"В"---"В"4"В"4205"В"37"В"7600"
"141790"В"Replica"В"Honda (H26)"В"Replica Honda (H26) 7,5x17 5x114,3 ET 55 Dia 64,1 (MBF)"В"7,5"В"17"В"5"В"114,3"В"0"В"55"В"64,1"В"MBF"В"литой"В"4"В"4205"В"37"В"10827"
"146332"В"Replica"В"Honda (H26)"В"Replica Honda (H26) 7,5x18 5x114,3 ET 55 Dia 64,1 (GMF)"В"7,5"В"18"В"5"В"114,3"В"0"В"55"В"64,1"В"GMF"В"литой"В"4"В"4935"В"37"В"10827"
"166253"В"Replica"В"Honda (H26)"В"Replica Honda (H26) 7,5x18 5x114,3 ET 55 Dia 64,1 (MBF)"В"7,5"В"18"В"5"В"114,3"В"0"В"55"В"64,1"В"MBF"В"литой"В"4"В"4935"В"37"В"10827"
"150228"В"Replica"В"Honda (H27)"В"Replica Honda (H27) 7,5x18 5x114,3 ET 55 Dia 64,1 (GM)"В"7,5"В"18"В"5"В"114,3"В"0"В"55"В"64,1"В"GM"В"литой"В"4"В"4845"В"37"В"10825"
"159759"В"Replica"В"Honda (H27)"В"Replica Honda (H27) 7,5x18 5x114,3 ET 55 Dia 64,1 (MB)"В"7,5"В"18"В"5"В"114,3"В"0"В"55"В"64,1"В"MB"В"литой"В"4"В"4935"В"37"В"10825"
"138923"В"Replica"В"Honda (H31)"В"Replica Honda (H31) 7,5x17 5x120 ET 45 Dia 64,1 (MBF)"В"7,5"В"17"В"5"В"120"В"0"В"45"В"64,1"В"MBF"В"литой"В"8"В"4205"В"37"В"13018"
"145230"В"Replica"В"Honda (H31)"В"Replica Honda (H31) 7,5x17 5x120 ET 45 Dia 64,1 (GMF)"В"7,5"В"17"В"5"В"120"В"0"В"45"В"64,1"В"GMF"В"литой"В"4"В"4205"В"37"В"13018"
"164687"В"Replica"В"Honda (H36)"В"Replica Honda (H36) 6,5x17 5x114,3 ET 50 Dia 64,1 (MBF)"В"6,5"В"17"В"5"В"114,3"В"0"В"50"В"64,1"В"MBF"В"литой"В"4"В"4115"В"37"В"17349"
"166259"В"Replica"В"Honda (H36)"В"Replica Honda (H36) 6,5x17 5x114,3 ET 50 Dia 64,1 (GMF)"В"6,5"В"17"В"5"В"114,3"В"0"В"50"В"64,1"В"GMF"В"литой"В"4"В"4205"В"37"В"17349"
"166260"В"Replica"В"Honda (H36)"В"Replica Honda (H36) 7,5x17 5x114,3 ET 55 Dia 64,1 (MBF)"В"7,5"В"17"В"5"В"114,3"В"0"В"55"В"64,1"В"MBF"В"литой"В"4"В"4205"В"37"В"17349"
"19621"В"Replica"В"Honda (HO1)"В"Replica Honda (HO1) 6x16 5x114,3 ET 50 Dia 64,1 (H/S)"В"6"В"16"В"5"В"114,3"В"0"В"50"В"64,1"В"H/S"В"---"В"4"В"3200"В"37"В"7570"
"20925"В"Replica"В"Hyundai (HND10)"В"Replica Hyundai (HND10) 5x13 4x100 ET 46 Dia 54,1 (silver)"В"5"В"13"В"4"В"100"В"0"В"46"В"54,1"В"silver"В"литой"В"4"В"1790"В"37"В"2798"
"20947"В"Replica"В"Hyundai (HND15)"В"Replica Hyundai (HND15) 6,5x16 5x114,3 ET 46 Dia 67,1 (хром)"В"6,5"В"16"В"5"В"114,3"В"0"В"46"В"67,1"В"хром"В"литой"В"4"В"4845"В"37"В"2803"
"20983"В"Replica"В"Hyundai (HND19)"В"Replica Hyundai (HND19) 6,5x16 5x114,3 ET 50 Dia 67,1 (silver)"В"6,5"В"16"В"5"В"114,3"В"0"В"50"В"67,1"В"silver"В"литой"В"8"В"3290"В"37"В"2807"
"20979"В"Replica"В"Hyundai (HND28)"В"Replica Hyundai (HND28) 6x16 5x114,3 ET 51 Dia 67,1 (хром)"В"6"В"16"В"5"В"114,3"В"0"В"51"В"67,1"В"хром"В"---"В"4"В"5300"В"37"В"7652"
"20980"В"Replica"В"Hyundai (HND28)"В"Replica Hyundai (HND28) 6x16 5x114,3 ET 51 Dia 67,1 (MB)"В"6"В"16"В"5"В"114,3"В"0"В"51"В"67,1"В"MB"В"---"В"12"В"3380"В"37"В"7652"
"20981"В"Replica"В"Hyundai (HND28)"В"Replica Hyundai (HND28) 6x16 5x114,3 ET 51 Dia 67,1 (silver)"В"6"В"16"В"5"В"114,3"В"0"В"51"В"67,1"В"silver"В"---"В"4"В"3380"В"37"В"7652"
"76829"В"Replica"В"Hyundai (HND29)"В"Replica Hyundai (HND29) 6x16 4x114,3 ET 45 Dia 67,1 (silver)"В"6"В"16"В"4"В"114,3"В"0"В"45"В"67,1"В"silver"В"литой"В"4"В"3110"В"37"В"13238"
"34971"В"Replica"В"Hyundai (HND8)"В"Replica Hyundai (HND8) 6,5x16 5x114,3 ET 46 Dia 67,1 (хром)"В"6,5"В"16"В"5"В"114,3"В"0"В"46"В"67,1"В"хром"В"литой"В"4"В"5300"В"37"В"2796"
"19617"В"Replica"В"Hyundai (HY6)"В"Replica Hyundai (HY6) 6x16 5x114,3 ET 54 Dia 67,1 (silver)"В"6"В"16"В"5"В"114,3"В"0"В"54"В"67,1"В"silver"В"---"В"4"В"3380"В"37"В"7604"
"1000203498"В"Replica"В"Infiniti (INF1)"В"Replica Infiniti (INF1) 8x18 6x139,7 ET 25 Dia 78 (NS)"В"8"В"18"В"6"В"139,7"В"0"В"25"В"78"В"NS"В"литой"В"3"В"5065"В"37"В"1989"
"143203"В"Replica"В"Infiniti (INF13)"В"Replica Infiniti (INF13) 9,5x21 5x114,3 ET 50 Dia 66,1 (MB)"В"9,5"В"21"В"5"В"114,3"В"0"В"50"В"66,1"В"MB"В"литой"В"4"В"9460"В"37"В"13020"
"20958"В"Replica"В"Infiniti (INF5)"В"Replica Infiniti (INF5) 7x17 5x114,3 ET 45 Dia 66,1 (хром)"В"7"В"17"В"5"В"114,3"В"0"В"45"В"66,1"В"хром"В"---"В"4"В"5715"В"37"В"7653"
"150659"В"Replica"В"Infiniti (INF9)"В"Replica Infiniti (INF9) 8x18 5x114,3 ET 50 Dia 66,1 (MB)"В"8"В"18"В"5"В"114,3"В"0"В"50"В"66,1"В"MB"В"---"В"4"В"4805"В"37"В"7655"
"31123"В"Replica"В"Kia (KI1)"В"Replica Kia (KI1) 5x13 4x100 ET 46 Dia 54,1 (silver)"В"5"В"13"В"4"В"100"В"0"В"46"В"54,1"В"silver"В"литой"В"4"В"2105"В"37"В"1991"
"34981"В"Replica"В"Kia (KI19)"В"Replica Kia (KI19) 6x16 5x114,3 ET 51 Dia 67,1 (silver)"В"6"В"16"В"5"В"114,3"В"0"В"51"В"67,1"В"silver"В"---"В"8"В"3380"В"37"В"9871"
"138927"В"Replica"В"Kia (KI19)"В"Replica Kia (KI19) 6x16 5x114,3 ET 51 Dia 67,1 (MB)"В"6"В"16"В"5"В"114,3"В"0"В"51"В"67,1"В"MB"В"---"В"4"В"3380"В"37"В"9871"
"143407"В"Replica"В"Kia (KI25)"В"Replica Kia (KI25) 7x18 5x114,3 ET 35 Dia 67,1 (silver)"В"7"В"18"В"5"В"114,3"В"0"В"35"В"67,1"В"silver"В"литой"В"4"В"5170"В"37"В"15806"
"235134"В"Replica"В"Kia (KI25)"В"Replica Kia (KI25) 7x18 5x114,3 ET 35 Dia 67,1 (MB)"В"7"В"18"В"5"В"114,3"В"0"В"35"В"67,1"В"MB"В"литой"В"4"В"5170"В"37"В"15806"
"140711"В"Replica"В"Kia (KI25)"В"Replica Kia (KI25) 7x18 5x114,3 ET 41 Dia 67,1 (silver)"В"7"В"18"В"5"В"114,3"В"0"В"41"В"67,1"В"silver"В"литой"В"4"В"4895"В"37"В"15806"
"152038"В"Replica"В"Kia (KI28)"В"Replica Kia (KI28) 9x20 6x114,3 ET 30 Dia 67,1 (silver)"В"9"В"20"В"6"В"114,3"В"0"В"30"В"67,1"В"silver"В"литой"В"4"В"8275"В"37"В"16769"
"142105"В"Replica"В"Kia (KI32)"В"Replica Kia (KI32) 6x16 5x114,3 ET 51 Dia 67,1 (silver)"В"6"В"16"В"5"В"114,3"В"0"В"51"В"67,1"В"silver"В"литой"В"4"В"3380"В"37"В"16112"
"166277"В"Replica"В"Land Rover (LR17)"В"Replica Land Rover (LR17) 9,5x20 5x120 ET 53 Dia 72,6 (MBF)"В"9,5"В"20"В"5"В"120"В"0"В"53"В"72,6"В"MBF"В"литой"В"4"В"8275"В"37"В"14084"
"228190"В"Replica"В"Land Rover (LR17)"В"Replica Land Rover (LR17) 9,5x20 5x120 ET 53 Dia 72,6 (SF)"В"9,5"В"20"В"5"В"120"В"0"В"53"В"72,6"В"SF"В"литой"В"4"В"8275"В"37"В"14084"
"138008"В"Replica"В"Land Rover (LR4)"В"Replica Land Rover (LR4) 9,5x20 5x120 ET 50 Dia 72,6 (silver)"В"9,5"В"20"В"5"В"120"В"0"В"50"В"72,6"В"silver"В"литой"В"4"В"8365"В"37"В"2949"
"20989"В"Replica"В"Land Rover (LR8)"В"Replica Land Rover (LR8) 8x18 5x120 ET 53 Dia 72,6 (хром)"В"8"В"18"В"5"В"120"В"0"В"53"В"72,6"В"хром"В"литой"В"4"В"6580"В"37"В"7037"
"1000202563"В"Replica"В"Lexus (1385)"В"Replica Lexus (1385) 8x18 5x120 ET 31 Dia 60,1"В"8"В"18"В"5"В"120"В"0"В"31"В"60,1"ВВ"литой"В"4"В"5210"В"37"В"15327"
"20517"В"Replica"В"Lexus (LX11)"В"Replica Lexus (LX11) 8,5x20 5x114,3 ET 35 Dia 60,1 (silver)"В"8,5"В"20"В"5"В"114,3"В"0"В"35"В"60,1"В"silver"В"литой"В"4"В"6945"В"37"В"2943"
"17429"В"Replica"В"Lexus (LX15)"В"Replica Lexus (LX15) 7x18 5x114,3 ET 35 Dia 60,1 (хром)"В"7"В"18"В"5"В"114,3"В"0"В"35"В"60,1"В"хром"В"литой"В"4"В"6450"В"37"В"5695"
"17267"В"Replica"В"Lexus (LX2)"В"Replica Lexus (LX2) 7x18 5x114,3 ET 35 Dia 60,1 (хром)"В"7"В"18"В"5"В"114,3"В"0"В"35"В"60,1"В"хром"В"литой"В"4"В"6450"В"37"В"2945"
"34989"В"Replica"В"Lexus (LX31)"В"Replica Lexus (LX31) 7,5x18 5x120 ET 32 Dia 60,1 (HP)"В"7,5"В"18"В"5"В"120"В"0"В"32"В"60,1"В"HP"В"литой"В"4"В"3705"В"37"В"7043"
"19861"В"Replica"В"Mazda (MA3)"В"Replica Mazda (MA3) 7x17 5x114,3 ET 55 Dia 67,1 (silver)"В"7"В"17"В"5"В"114,3"В"0"В"55"В"67,1"В"silver"В"---"В"4"В"4540"В"37"В"7583"
"21020"В"Replica"В"Mazda (MZ11)"В"Replica Mazda (MZ11) 6,5x16 5x114,3 ET 52,5 Dia 67,1 (хром)"В"6,5"В"16"В"5"В"114,3"В"0"В"52,5"В"67,1"В"хром"В"литой"В"4"В"4845"В"37"В"2953"
"166293"В"Replica"В"Mazda (MZ22)"В"Replica Mazda (MZ22) 7,5x18 5x114,3 ET 50 Dia 67,1 (белый)"В"7,5"В"18"В"5"В"114,3"В"0"В"50"В"67,1"В"белый"В"литой"В"4"В"4895"В"37"В"4916"
"68876"В"Replica"В"Mazda (MZ23)"В"Replica Mazda (MZ23) 7,5x18 5x114,3 ET 60 Dia 67,1 (silver)"В"7,5"В"18"В"5"В"114,3"В"0"В"60"В"67,1"В"silver"В"литой"В"4"В"4895"В"37"В"13021"
"21028"В"Replica"В"Mazda (MZ26)"В"Replica Mazda (MZ26) 6,5x16 5x114,3 ET 52,5 Dia 67,1 (хром)"В"6,5"В"16"В"5"В"114,3"В"0"В"52,5"В"67,1"В"хром"В"литой"В"4"В"5120"В"37"В"7064"
"21018"В"Replica"В"Mazda (MZ28)"В"Replica Mazda (MZ28) 6,5x16 5x114,3 ET 50 Dia 67,1 (хром)"В"6,5"В"16"В"5"В"114,3"В"0"В"50"В"67,1"В"хром"В"---"В"4"В"5025"В"37"В"7159"
"126109"В"Replica"В"Mazda (MZ28)"В"Replica Mazda (MZ28) 7x17 5x114,3 ET 60 Dia 67,1 (GM)"В"7"В"17"В"5"В"114,3"В"0"В"60"В"67,1"В"GM"В"---"В"4"В"4580"В"37"В"7159"
"123070"В"Replica"В"Mazda (MZ31)"В"Replica Mazda (MZ31) 7x16 6x139,7 ET 10 Dia 93,1 (FSF)"В"7"В"16"В"6"В"139,7"В"0"В"10"В"93,1"В"FSF"В"литой"В"3"В"3565"В"37"В"14086"
"21047"В"Replica"В"Mercedes (MB42)"В"Replica Mercedes (MB42) 7,5x17 5x112 ET 37 Dia 66,6 (SF)"В"7,5"В"17"В"5"В"112"В"0"В"37"В"66,6"В"SF"В"литой"В"4"В"4205"В"37"В"2104"
"1000203403"В"Replica"В"Mercedes (MB516)"В"Replica Mercedes (MB516) 8x18 5x120 ET 20 Dia 74,1 (GMMF)"В"8"В"18"В"5"В"120"В"0"В"20"В"74,1"В"GMMF"В"литой"В"4"В"4935"В"37"В"17472"
"35018"В"Replica"В"Mercedes (MB55)"В"Replica Mercedes (MB55) 8,5x20 5x112 ET 56 Dia 66,6 (silver)"В"8,5"В"20"В"5"В"112"В"0"В"56"В"66,6"В"silver"В"литой"В"4"В"7675"В"37"В"4486"
"119336"В"Replica"В"Mercedes (MB56)"В"Replica Mercedes (MB56) 8x18 5x112 ET 50 Dia 66,6 (GMF)"В"8"В"18"В"5"В"112"В"0"В"50"В"66,6"В"GMF"В"литой"В"4"В"4935"В"37"В"4487"
"21072"В"Replica"В"Mercedes (MB63)"В"Replica Mercedes (MB63) 9,5x18 5x112 ET 33 Dia 66,6 (GMF)"В"9,5"В"18"В"5"В"112"В"0"В"33"В"66,6"В"GMF"В"---"В"4"В"4895"В"37"В"7160"
"21070"В"Replica"В"Mercedes (MB64)"В"Replica Mercedes (MB64) 8,5x18 5x112 ET 38 Dia 66,6 (GMF)"В"8,5"В"18"В"5"В"112"В"0"В"38"В"66,6"В"GMF"В"---"В"4"В"4895"В"37"В"9873"
"202407"В"Replica"В"Mercedes (MB74)"В"Replica Mercedes (MB74) 8,5x18 5x112 ET 38 Dia 66,6 (SF)"В"8,5"В"18"В"5"В"112"В"0"В"38"В"66,6"В"SF"В"литой"В"8"В"5210"В"37"В"18995"
"176113"В"Replica"В"Mercedes (MB77)"В"Replica Mercedes (MB77) 8,5x17 5x112 ET 38 Dia 66,6 (MB)"В"8,5"В"17"В"5"В"112"В"0"В"38"В"66,6"В"MB"В"литой"В"8"В"4620"В"37"В"18002"
"190059"В"Replica"В"Mercedes (MB77)"В"Replica Mercedes (MB77) 8,5x17 5x112 ET 48 Dia 66,6 (GM)"В"8,5"В"17"В"5"В"112"В"0"В"48"В"66,6"В"GM"В"литой"В"4"В"4620"В"37"В"18002"
"190060"В"Replica"В"Mercedes (MB77)"В"Replica Mercedes (MB77) 8,5x17 5x112 ET 48 Dia 66,6 (MB)"В"8,5"В"17"В"5"В"112"В"0"В"48"В"66,6"В"MB"В"литой"В"4"В"4620"В"37"В"18002"
"176114"В"Replica"В"Mercedes (MB81)"В"Replica Mercedes (MB81) 8x18 5x112 ET 53 Dia 66,6 (MBF)"В"8"В"18"В"5"В"112"В"0"В"53"В"66,6"В"MBF"В"литой"В"4"В"5025"В"37"В"18001"
"214990"В"Replica"В"Mercedes (MB85)"В"Replica Mercedes (MB85) 8x19 5x112 ET 47 Dia 66,6 (SF)"В"8"В"19"В"5"В"112"В"0"В"47"В"66,6"В"SF"В"литой"В"4"В"6945"В"37"В"19092"
"1000204702"В"Replica"В"Mercedes (MB960)"В"Replica Mercedes (MB960) 7x16 5x112 ET 35 Dia 66,6 (MB)"В"7"В"16"В"5"В"112"В"0"В"35"В"66,6"В"MB"В"литой"В"5"В"3200"В"37"В"18397"
"235322"В"Replica"В"Mini (MN1)"В"Replica Mini (MN1) 7x17 4x100 ET 48 Dia 56,1 (BKF)"В"7"В"17"В"4"В"100"В"0"В"48"В"56,1"В"BKF"В"литой"В"4"В"4530"В"37"В"18004"
"42550"В"Replica"В"Mitsubishi (FR724)"В"Replica Mitsubishi (FR724) 8,5x18 6x139,7 ET 46 Dia 67,1 (silver)"В"8,5"В"18"В"6"В"139,7"В"0"В"46"В"67,1"В"silver"В"литой"В"4"В"4660"В"37"В"9269"
"21099"В"Replica"В"Mitsubishi (MI13)"В"Replica Mitsubishi (MI13) 6,5x17 5x114,3 ET 38 Dia 67,1 (хром)"В"6,5"В"17"В"5"В"114,3"В"0"В"38"В"67,1"В"хром"В"литой"В"4"В"5120"В"37"В"2987"
"17425"В"Replica"В"Mitsubishi (MI15)"В"Replica Mitsubishi (MI15) 6,5x17 5x114,3 ET 38 Dia 67,1 (хром)"В"6,5"В"17"В"5"В"114,3"В"0"В"38"В"67,1"В"хром"В"литой"В"4"В"5120"В"37"В"2989"
"20682"В"Replica"В"Mitsubishi (MI15)"В"Replica Mitsubishi (MI15) 6,5x17 5x114,3 ET 38 Dia 67,1 (silver)"В"6,5"В"17"В"5"В"114,3"В"0"В"38"В"67,1"В"silver"В"литой"В"4"В"4440"В"37"В"2989"
"21106"В"Replica"В"Mitsubishi (MI26)"В"Replica Mitsubishi (MI26) 9x20 6x139,7 ET 30 Dia 67,1 (хром)"В"9"В"20"В"6"В"139,7"В"0"В"30"В"67,1"В"хром"В"литой"В"4"В"7495"В"37"В"4502"
"138687"В"Replica"В"Mitsubishi (MI27)"В"Replica Mitsubishi (MI27) 7,5x18 6x139,7 ET 46 Dia 67,1 (silver)"В"7,5"В"18"В"6"В"139,7"В"0"В"46"В"67,1"В"silver"В"литой"В"3"В"4385"В"37"В"11147"
"21097"В"Replica"В"Mitsubishi (MI31)"В"Replica Mitsubishi (MI31) 6,5x16 5x114,3 ET 46 Dia 67,1 (хром)"В"6,5"В"16"В"5"В"114,3"В"0"В"46"В"67,1"В"хром"В"---"В"4"В"4935"В"37"В"7163"
"166313"В"Replica"В"Mitsubishi (MI37)"В"Replica Mitsubishi (MI37) 6,5x16 5x114,3 ET 39 Dia 67,1 (хром)"В"6,5"В"16"В"5"В"114,3"В"0"В"39"В"67,1"В"хром"В"литой"В"4"В"4385"В"37"В"14092"
"19736"В"Replica"В"Mitsubishi (MI5)"В"Replica Mitsubishi (MI5) 6,5x17 5x114,3 ET 46 Dia 67,1 (silver)"В"6,5"В"17"В"5"В"114,3"В"0"В"46"В"67,1"В"silver"В"литой"В"4"В"4135"В"37"В"2108"
"1000203496"В"Replica"В"Mitsubishi (Mi28)"В"Replica Mitsubishi (Mi28) 7x16 6x139,7/107,5 ET 10 Dia 107,5 (silver)"В"7"В"16"В"6"В"139,7"В"107,5"В"10"В"107,5"В"silver"В"---"В"4"В"3565"В"37"В"7658"
"21595"В"Replica"В"Nissan (NI14)"В"Replica Nissan (NI14) 6,5x17 5x114,3 ET 40 Dia 66,1 (SFP)"В"6,5"В"17"В"5"В"114,3"В"0"В"40"В"66,1"В"SFP"В"---"В"4"В"4020"В"37"В"7613"
"21350"В"Replica"В"Nissan (NS17)"В"Replica Nissan (NS17) 7,5x18 6x114,3 ET 30 Dia 66,1 (хром)"В"7,5"В"18"В"6"В"114,3"В"0"В"30"В"66,1"В"хром"В"литой"В"4"В"6175"В"37"В"2997"
"14084"В"Replica"В"Nissan (NS25)"В"Replica Nissan (NS25) 6,5x17 5x114,3 ET 40 Dia 66,1 (SF)"В"6,5"В"17"В"5"В"114,3"В"0"В"40"В"66,1"В"SF"В"литой"В"4"В"4205"В"37"В"3003"
"21337"В"Replica"В"Nissan (NS25)"В"Replica Nissan (NS25) 6,5x17 5x114,3 ET 40 Dia 66,1 (хром)"В"6,5"В"17"В"5"В"114,3"В"0"В"40"В"66,1"В"хром"В"литой"В"4"В"5300"В"37"В"3003"
"20670"В"Replica"В"Nissan (NS38)"В"Replica Nissan (NS38) 6,5x16 5x114,3 ET 40 Dia 66,1 (silver)"В"6,5"В"16"В"5"В"114,3"В"0"В"40"В"66,1"В"silver"В"литой"В"4"В"3655"В"37"В"3016"
"21333"В"Replica"В"Nissan (NS38)"В"Replica Nissan (NS38) 6,5x16 5x114,3 ET 40 Dia 66,1 (хром)"В"6,5"В"16"В"5"В"114,3"В"0"В"40"В"66,1"В"хром"В"литой"В"4"В"5120"В"37"В"3016"
"148692"В"Replica"В"Nissan (NS38)"В"Replica Nissan (NS38) 6,5x16 5x114,3 ET 40 Dia 66,1 (белый)"В"6,5"В"16"В"5"В"114,3"В"0"В"40"В"66,1"В"белый"В"литой"В"4"В"3380"В"37"В"3016"
"21339"В"Replica"В"Nissan (NS38)"В"Replica Nissan (NS38) 6,5x17 5x114,3 ET 40 Dia 66,1 (GMF)"В"6,5"В"17"В"5"В"114,3"В"0"В"40"В"66,1"В"GMF"В"литой"В"4"В"4115"В"37"В"3016"
"21335"В"Replica"В"Nissan (NS39)"В"Replica Nissan (NS39) 6,5x16 5x114,3 ET 40 Dia 66,1 (хром)"В"6,5"В"16"В"5"В"114,3"В"0"В"40"В"66,1"В"хром"В"литой"В"4"В"5120"В"37"В"3017"
"141802"В"Replica"В"Nissan (NS48)"В"Replica Nissan (NS48) 6,5x16 5x114,3 ET 40 Dia 66,1 (белый)"В"6,5"В"16"В"5"В"114,3"В"0"В"40"В"66,1"В"белый"В"---"В"4"В"3250"В"37"В"9862"
"159615"В"Replica"В"Nissan (NS5)"В"Replica Nissan (NS5) 8x16 6x139,7/110,5 ET 10 Dia 110,5 (SF)"В"8"В"16"В"6"В"139,7"В"110,5"В"10"В"110,5"В"SF"В"литой"В"8"В"3840"В"37"В"2115"
"1000202638"В"Replica"В"Nissan (NS5)"В"Replica Nissan (NS5) 8x16 6x139,7/110,5 ET 10 Dia 110,5 (GMF)"В"8"В"16"В"6"В"139,7"В"110,5"В"10"В"110,5"В"GMF"В"литой"В"12"В"3840"В"37"В"2115"
"169308"В"Replica"В"Nissan (NS5)"В"Replica Nissan (NS5) 8x17 6x139,7/110,5 ET 10 Dia 110,5 (SF)"В"8"В"17"В"6"В"139,7"В"110,5"В"10"В"110,5"В"SF"В"литой"В"4"В"4710"В"37"В"2115"
"177649"В"Replica"В"Nissan (NS5)"В"Replica Nissan (NS5) 8x17 6x139,7/110,5 ET 10 Dia 110,5 (GMF)"В"8"В"17"В"6"В"139,7"В"110,5"В"10"В"110,5"В"GMF"В"литой"В"4"В"4710"В"37"В"2115"
"138935"В"Replica"В"Nissan (NS51)"В"Replica Nissan (NS51) 7x17 5x114,3 ET 45 Dia 66,1 (GMF)"В"7"В"17"В"5"В"114,3"В"0"В"45"В"66,1"В"GMF"В"литой"В"20"В"4205"В"37"В"15790"
"151028"В"Replica"В"Nissan (NS56)"В"Replica Nissan (NS56) 8x18 6x139,7 ET 25 Dia 78,1 (silver)"В"8"В"18"В"6"В"139,7"В"0"В"25"В"78,1"В"silver"В"литой"В"4"В"4530"В"37"В"16762"
"235327"В"Replica"В"Nissan (NS62)"В"Replica Nissan (NS62) 6,5x16 5x114,3 ET 45 Dia 66,1 (GMF)"В"6,5"В"16"В"5"В"114,3"В"0"В"45"В"66,1"В"GMF"В"литой"В"4"В"3655"В"37"В"19098"
"231006"В"Replica"В"Nissan (NS62)"В"Replica Nissan (NS62) 6,5x17 5x114,3 ET 40 Dia 66,1 (GMF)"В"6,5"В"17"В"5"В"114,3"В"0"В"40"В"66,1"В"GMF"В"литой"В"8"В"4440"В"37"В"19098"
"235329"В"Replica"В"Nissan (NS62)"В"Replica Nissan (NS62) 6,5x17 5x114,3 ET 40 Dia 66,1 (SF)"В"6,5"В"17"В"5"В"114,3"В"0"В"40"В"66,1"В"SF"В"литой"В"4"В"4440"В"37"В"19098"
"231007"В"Replica"В"Nissan (NS62)"В"Replica Nissan (NS62) 6,5x17 5x114,3 ET 45 Dia 66,1 (GMF)"В"6,5"В"17"В"5"В"114,3"В"0"В"45"В"66,1"В"GMF"В"литой"В"4"В"4440"В"37"В"19098"
"235330"В"Replica"В"Nissan (NS62)"В"Replica Nissan (NS62) 6,5x17 5x114,3 ET 45 Dia 66,1 (SF)"В"6,5"В"17"В"5"В"114,3"В"0"В"45"В"66,1"В"SF"В"литой"В"4"В"4205"В"37"В"19098"
"70074"В"Replica"В"Nissan (NS69)"В"Replica Nissan (NS69) 6,5x17 5x114,3 ET 40 Dia 66,1 (SF)"В"6,5"В"17"В"5"В"114,3"В"0"В"40"В"66,1"В"SF"В"литой"В"4"В"4295"В"37"В"13061"
"70075"В"Replica"В"Nissan (NS69)"В"Replica Nissan (NS69) 6,5x17 5x114,3 ET 45 Dia 66,1 (SF)"В"6,5"В"17"В"5"В"114,3"В"0"В"45"В"66,1"В"SF"В"литой"В"4"В"4345"В"37"В"13061"
"130744"В"Replica"В"Nissan (NS69)"В"Replica Nissan (NS69) 6,5x17 5x114,3 ET 45 Dia 66,1 (GMF)"В"6,5"В"17"В"5"В"114,3"В"0"В"45"В"66,1"В"GMF"В"литой"В"4"В"4345"В"37"В"13061"
"256767"В"Replica"В"Nissan (NS77)"В"Replica Nissan (NS77) 6,5x17 5x114,3 ET 45 Dia 66,1 (MB)"В"6,5"В"17"В"5"В"114,3"В"0"В"45"В"66,1"В"MB"В"литой"В"4"В"4530"В"37"В"21836"
"21597"В"Replica"В"Opel (OP4)"В"Replica Opel (OP4) 7x17 5x115 ET 45 Dia 70,1 (SFP)"В"7"В"17"В"5"В"115"В"0"В"45"В"70,1"В"SFP"В"---"В"4"В"4325"В"37"В"7617"
"138109"В"Replica"В"Opel (OPL11)"В"Replica Opel (OPL11) 7x17 5x105 ET 42 Dia 56,6 (GM)"В"7"В"17"В"5"В"105"В"0"В"42"В"56,6"В"GM"В"---"В"4"В"4295"В"37"В"7665"
"21360"В"Replica"В"Opel (OPL2)"В"Replica Opel (OPL2) 6,5x16 5x110 ET 37 Dia 65,1 (хром)"В"6,5"В"16"В"5"В"110"В"0"В"37"В"65,1"В"хром"В"литой"В"4"В"5120"В"37"В"3020"
"151839"В"Replica"В"Opel (OPL8)"В"Replica Opel (OPL8) 8x18 5x105 ET 46 Dia 56,6 (silver)"В"8"В"18"В"5"В"105"В"0"В"46"В"56,6"В"silver"В"литой"В"8"В"4710"В"37"В"13062"
"133417"В"Replica"В"Peugeot (PG10)"В"Replica Peugeot (PG10) 5,5x14 4x108 ET 34 Dia 65,1 (silver)"В"5,5"В"14"В"4"В"108"В"0"В"34"В"65,1"В"silver"В"---"В"4"В"2245"В"37"В"7165"
"35076"В"Replica"В"Peugeot (PG15)"В"Replica Peugeot (PG15) 7x18 5x114,3 ET 38 Dia 67,1 (GMF)"В"7"В"18"В"5"В"114,3"В"0"В"38"В"67,1"В"GMF"В"литой"В"4"В"5400"В"37"В"10822"
"21381"В"Replica"В"Peugeot (PG7)"В"Replica Peugeot (PG7) 7x16 5x108 ET 39 Dia 65,1 (silver)"В"7"В"16"В"5"В"108"В"0"В"39"В"65,1"В"silver"В"литой"В"4"В"3380"В"37"В"3024"
"35075"В"Replica"В"Peugeot (PG9)"В"Replica Peugeot (PG9) 5,5x14 4x108 ET 24 Dia 65,1 (silver)"В"5,5"В"14"В"4"В"108"В"0"В"24"В"65,1"В"silver"В"---"В"8"В"2245"В"37"В"7235"
"21385"В"Replica"В"Porsche (PR2)"В"Replica Porsche (PR2) 9x19 5x130 ET 60 Dia 71,6 (silver)"В"9"В"19"В"5"В"130"В"0"В"60"В"71,6"В"silver"В"литой"В"4"В"6175"В"37"В"2128"
"1000204726"В"Replica"В"Ruote (R2402)"В"Replica Ruote (R2402) 6,5x16 5x114,3 ET 50 Dia 64,1"В"6,5"В"16"В"5"В"114,3"В"0"В"50"В"64,1"ВВ"литой"В"1"В"3210"В"37"В"23658"
"35090"В"Replica"В"Saab (SB14)"В"Replica Saab (SB14) 6,5x16 5x100 ET 55 Dia 56,1 (MB)"В"6,5"В"16"В"5"В"100"В"0"В"55"В"56,1"В"MB"В"---"В"8"В"3435"В"37"В"7671"
"143208"В"Replica"В"Skoda (SK16)"В"Replica Skoda (SK16) 7x17 5x112 ET 43 Dia 57,1 (SF)"В"7"В"17"В"5"В"112"В"0"В"43"В"57,1"В"SF"В"литой"В"12"В"4205"В"37"В"15844"
"21414"В"Replica"В"Skoda (SK4)"В"Replica Skoda (SK4) 6,5x16 5x112 ET 50 Dia 57,1 (хром)"В"6,5"В"16"В"5"В"112"В"0"В"50"В"57,1"В"хром"В"---"В"4"В"5120"В"37"В"7673"
"35094"В"Replica"В"Skoda (SK5)"В"Replica Skoda (SK5) 6x15 5x100 ET 38 Dia 57,1 (silver)"В"6"В"15"В"5"В"100"В"0"В"38"В"57,1"В"silver"В"литой"В"3"В"2650"В"37"В"7062"
"1000202316"В"Replica"В"Ssang Yong (SNG2)"В"Replica Ssang Yong (SNG2) 7,5x17 6x139,7/106,1 ET 30 Dia 106,1 (SF)"В"7,5"В"17"В"6"В"139,7"В"106,1"В"30"В"106,1"В"SF"В"литой"В"4"В"4205"В"37"В"4521"
"68908"В"Replica"В"Ssang Yong (SNG5)"В"Replica Ssang Yong (SNG5) 6,5x16 5x130 ET 43 Dia 84 (MB)"В"6,5"В"16"В"5"В"130"В"0"В"43"В"84"В"MB"В"литой"В"20"В"3615"В"37"В"4524"
"214999"В"Replica"В"Ssang Yong (SNG7)"В"Replica Ssang Yong (SNG7) 7x16 5x130 ET 43 Dia 84,1 (MB)"В"7"В"16"В"5"В"130"В"0"В"43"В"84,1"В"MB"В"литой"В"8"В"3750"В"37"В"19103"
"176118"В"Replica"В"Ssang Yong (SNG9)"В"Replica Ssang Yong (SNG9) 7,5x18 5x130 ET 43 Dia 84,1 (silver)"В"7,5"В"18"В"5"В"130"В"0"В"43"В"84,1"В"silver"В"литой"В"3"В"4805"В"37"В"18008"
"20689"В"Replica"В"Subaru (SB10)"В"Replica Subaru (SB10) 7x18 5x100 ET 48 Dia 56,1 (HP)"В"7"В"18"В"5"В"100"В"0"В"48"В"56,1"В"HP"В"литой"В"4"В"3525"В"37"В"3036"
"35086"В"Replica"В"Subaru (SB10)"В"Replica Subaru (SB10) 7x18 5x100 ET 48 Dia 56,1 (GM)"В"7"В"18"В"5"В"100"В"0"В"48"В"56,1"В"GM"В"литой"В"8"В"3525"В"37"В"3036"
"17048"В"Replica"В"Subaru (SB10)"В"Replica Subaru (SB10) 7x18 5x100 ET 55 Dia 56,1 (HP)"В"7"В"18"В"5"В"100"В"0"В"55"В"56,1"В"HP"В"литой"В"4"В"3525"В"37"В"3036"
"195911"В"Replica"В"Subaru (SB9)"В"Replica Subaru (SB9) 8x18 5x114,3 ET 55 Dia 56,1 (GM)"В"8"В"18"В"5"В"114,3"В"0"В"55"В"56,1"В"GM"В"литой"В"4"В"4845"В"37"В"3035"
"32123"В"Replica"В"Suzuki (SZ1)"В"Replica Suzuki (SZ1) 6,5x17 5x114,3 ET 45 Dia 60,1 (SFP)"В"6,5"В"17"В"5"В"114,3"В"0"В"45"В"60,1"В"SFP"В"литой"В"4"В"4325"В"37"В"2002"
"14027"В"Replica"В"Suzuki (SZ5)"В"Replica Suzuki (SZ5) 6,5x17 5x114,3 ET 45 Dia 60,1 (SF)"В"6,5"В"17"В"5"В"114,3"В"0"В"45"В"60,1"В"SF"В"литой"В"8"В"4295"В"37"В"3039"
"152619"В"Replica"В"Suzuki (SZ6)"В"Replica Suzuki (SZ6) 6,5x17 5x114,3 ET 45 Dia 60,1 (WF)"В"6,5"В"17"В"5"В"114,3"В"0"В"45"В"60,1"В"WF"В"литой"В"8"В"4295"В"37"В"3037"
"19910"В"Replica"В"Toyota (TO10)"В"Replica Toyota (TO10) 7x17 5x114,3 ET 45 Dia 60,1 (silver)"В"7"В"17"В"5"В"114,3"В"0"В"45"В"60,1"В"silver"В"---"В"2"В"4600"В"37"В"7635"
"19913"В"Replica"В"Toyota (TO14)"В"Replica Toyota (TO14) 7x17 5x114,3 ET 45 Dia 60,1 (silver)"В"7"В"17"В"5"В"114,3"В"0"В"45"В"60,1"В"silver"В"---"В"1"В"3980"В"37"В"7638"
"1000201796"В"Replica"В"Toyota (TO18)"В"Replica Toyota (TO18) 8x17 5x150/110,5 ET 60 Dia 110,5 (silver)"В"8"В"17"В"5"В"150"В"110,5"В"60"В"110,5"В"silver"В"---"В"3"В"4145"В"37"В"7641"
"21479"В"Replica"В"Toyota (TY21)"В"Replica Toyota (TY21) 7x17 5x114,3 ET 45 Dia 60,1 (хром)"В"7"В"17"В"5"В"114,3"В"0"В"45"В"60,1"В"хром"В"литой"В"4"В"5715"В"37"В"2733"
"21481"В"Replica"В"Toyota (TY21)"В"Replica Toyota (TY21) 7x17 5x114,3 ET 45 Dia 60,1 (MB)"В"7"В"17"В"5"В"114,3"В"0"В"45"В"60,1"В"MB"В"литой"В"8"В"4205"В"37"В"2733"
"21463"В"Replica"В"Toyota (TY29)"В"Replica Toyota (TY29) 6,5x16 5x114,3 ET 45 Dia 60,1 (хром)"В"6,5"В"16"В"5"В"114,3"В"0"В"45"В"60,1"В"хром"В"литой"В"4"В"5120"В"37"В"4545"
"35120"В"Replica"В"Toyota (TY30)"В"Replica Toyota (TY30) 6,5x16 5x114,3 ET 45 Dia 60,1 (хром)"В"6,5"В"16"В"5"В"114,3"В"0"В"45"В"60,1"В"хром"В"литой"В"4"В"5120"В"37"В"4537"
"140691"В"Replica"В"Toyota (TY39)"В"Replica Toyota (TY39) 6,5x16 5x114,3 ET 45 Dia 60,1 (GM)"В"6,5"В"16"В"5"В"114,3"В"0"В"45"В"60,1"В"GM"В"литой"В"4"В"3380"В"37"В"4548"
"143201"В"Replica"В"Toyota (TY39)"В"Replica Toyota (TY39) 7x17 5x114,3 ET 45 Dia 60,1 (MB)"В"7"В"17"В"5"В"114,3"В"0"В"45"В"60,1"В"MB"В"литой"В"4"В"4115"В"37"В"4548"
"34600"В"Replica"В"Toyota (TY39)"В"Replica Toyota (TY39) 7,5x18 5x120 ET 32 Dia 60,1 (silver)"В"7,5"В"18"В"5"В"120"В"0"В"32"В"60,1"В"silver"В"литой"В"4"В"6325"В"37"В"4548"
"1000201578"В"Replica"В"Toyota (TY4)"В"Replica Toyota (TY4) 8x16 5x150/110,1 ET 2 Dia 110,1 (silver)"В"8"В"16"В"5"В"150"В"110,1"В"2"В"110,1"В"silver"В"литой"В"4"В"2835"В"37"В"2139"
"166363"В"Replica"В"Toyota (TY41)"В"Replica Toyota (TY41) 6,5x16 5x114,3 ET 39 Dia 60,1 (белый)"В"6,5"В"16"В"5"В"114,3"В"0"В"39"В"60,1"В"белый"В"литой"В"4"В"3380"В"37"В"2736"
"21471"В"Replica"В"Toyota (TY41)"В"Replica Toyota (TY41) 6,5x16 5x114,3 ET 45 Dia 60,1 (GM)"В"6,5"В"16"В"5"В"114,3"В"0"В"45"В"60,1"В"GM"В"литой"В"4"В"3380"В"37"В"2736"
"138943"В"Replica"В"Toyota (TY42)"В"Replica Toyota (TY42) 6,5x16 5x114,3 ET 39 Dia 60,1 (MB)"В"6,5"В"16"В"5"В"114,3"В"0"В"39"В"60,1"В"MB"В"литой"В"4"В"3250"В"37"В"2735"
"21472"В"Replica"В"Toyota (TY42)"В"Replica Toyota (TY42) 6,5x16 5x114,3 ET 45 Dia 60,1 (хром)"В"6,5"В"16"В"5"В"114,3"В"0"В"45"В"60,1"В"хром"В"литой"В"4"В"5120"В"37"В"2735"
"21473"В"Replica"В"Toyota (TY42)"В"Replica Toyota (TY42) 6,5x16 5x114,3 ET 45 Dia 60,1 (MB)"В"6,5"В"16"В"5"В"114,3"В"0"В"45"В"60,1"В"MB"В"литой"В"4"В"3250"В"37"В"2735"
"166367"В"Replica"В"Toyota (TY42)"В"Replica Toyota (TY42) 6,5x16 5x114,3 ET 45 Dia 60,1 (белый)"В"6,5"В"16"В"5"В"114,3"В"0"В"45"В"60,1"В"белый"В"литой"В"8"В"3250"В"37"В"2735"
"1000204018"В"Replica"В"Toyota (TY43)"В"Replica Toyota (TY43) 8x17 5x150/110,3 ET 60 Dia 110,3 (MB)"В"8"В"17"В"5"В"150"В"110,3"В"60"В"110,3"В"MB"В"литой"В"8"В"4345"В"37"В"4549"
"1000204083"В"Replica"В"Toyota (TY43)"В"Replica Toyota (TY43) 8x17 5x150/110,3 ET 60 Dia 110,3 (silver)"В"8"В"17"В"5"В"150"В"110,3"В"60"В"110,3"В"silver"В"литой"В"4"В"4345"В"37"В"4549"
"1000204022"В"Replica"В"Toyota (TY43)"В"Replica Toyota (TY43) 8x18 5x150/110,3 ET 60 Dia 110,3 (MB)"В"8"В"18"В"5"В"150"В"110,3"В"60"В"110,3"В"MB"В"литой"В"4"В"5260"В"37"В"4549"
"35133"В"Replica"В"Toyota (TY46)"В"Replica Toyota (TY46) 6,5x16 5x114,3 ET 45 Dia 60,1 (MB)"В"6,5"В"16"В"5"В"114,3"В"0"В"45"В"60,1"В"MB"В"литой"В"4"В"3380"В"37"В"4550"
"133816"В"Replica"В"Toyota (TY48)"В"Replica Toyota (TY48) 6x15 5x114,3 ET 39 Dia 60,1 (SF)"В"6"В"15"В"5"В"114,3"В"0"В"39"В"60,1"В"SF"В"---"В"12"В"2650"В"37"В"7675"
"35135"В"Replica"В"Toyota (TY48)"В"Replica Toyota (TY48) 7x17 5x100 ET 45 Dia 54,1 (GMF)"В"7"В"17"В"5"В"100"В"0"В"45"В"54,1"В"GMF"В"---"В"8"В"4115"В"37"В"7675"
"21487"В"Replica"В"Toyota (TY48)"В"Replica Toyota (TY48) 7x17 5x114,3 ET 45 Dia 60,1 (GMF)"В"7"В"17"В"5"В"114,3"В"0"В"45"В"60,1"В"GMF"В"---"В"4"В"4115"В"37"В"7675"
"35136"В"Replica"В"Toyota (TY49)"В"Replica Toyota (TY49) 6,5x16 5x100 ET 45 Dia 54,1 (MB)"В"6,5"В"16"В"5"В"100"В"0"В"45"В"54,1"В"MB"В"---"В"4"В"3250"В"37"В"7676"
"17863"В"Replica"В"Toyota (TY49)"В"Replica Toyota (TY49) 6,5x16 5x114,3 ET 45 Dia 60,1 (MB)"В"6,5"В"16"В"5"В"114,3"В"0"В"45"В"60,1"В"MB"В"---"В"4"В"3250"В"37"В"7676"
"138944"В"Replica"В"Toyota (TY49)"В"Replica Toyota (TY49) 6,5x16 5x114,3 ET 45 Dia 60,1 (белый)"В"6,5"В"16"В"5"В"114,3"В"0"В"45"В"60,1"В"белый"В"---"В"8"В"3250"В"37"В"7676"
"1000204016"В"Replica"В"Toyota (TY55)"В"Replica Toyota (TY55) 8x17 5x150/110,1 ET 60 Dia 110,1 (MB)"В"8"В"17"В"5"В"150"В"110,1"В"60"В"110,1"В"MB"В"---"В"12"В"4620"В"37"В"9333"
"181729"В"Replica"В"Toyota (TY61)"В"Replica Toyota (TY61) 7,5x18 6x139,7/106,1 ET 25 Dia 106,1 (SF)"В"7,5"В"18"В"6"В"139,7"В"106,1"В"25"В"106,1"В"SF"В"литой"В"4"В"5390"В"37"В"14907"
"158781"В"Replica"В"Toyota (TY62)"В"Replica Toyota (TY62) 6,5x16 5x114,3 ET 39 Dia 60,1 (MB)"В"6,5"В"16"В"5"В"114,3"В"0"В"39"В"60,1"В"MB"В"литой"В"8"В"3250"В"37"В"14111"
"169373"В"Replica"В"Toyota (TY62)"В"Replica Toyota (TY62) 6,5x16 5x114,3 ET 39 Dia 60,1 (белый)"В"6,5"В"16"В"5"В"114,3"В"0"В"39"В"60,1"В"белый"В"литой"В"12"В"3250"В"37"В"14111"
"158783"В"Replica"В"Toyota (TY62)"В"Replica Toyota (TY62) 6,5x16 5x114,3 ET 45 Dia 60,1 (MB)"В"6,5"В"16"В"5"В"114,3"В"0"В"45"В"60,1"В"MB"В"литой"В"4"В"3250"В"37"В"14111"
"1000203747"В"Replica"В"Toyota (TY68)"В"Replica Toyota (TY68) 7,5x18 6x139,7/106,1 ET 25 Dia 106,1 (silver)"В"7,5"В"18"В"6"В"139,7"В"106,1"В"25"В"106,1"В"silver"В"литой"В"4"В"5350"В"37"В"18993"
"1000204301"В"Replica"В"Toyota (TY69)"В"Replica Toyota (TY69) 7,5x18 6x139,7/106,1 ET 25 Dia 106,1 (GM)"В"7,5"В"18"В"6"В"139,7"В"106,1"В"25"В"106,1"В"GM"В"литой"В"4"В"5665"В"37"В"14112"
"1000204302"В"Replica"В"Toyota (TY69)"В"Replica Toyota (TY69) 7,5x18 6x139,7/106,1 ET 30 Dia 106,1 (silver)"В"7,5"В"18"В"6"В"139,7"В"106,1"В"30"В"106,1"В"silver"В"литой"В"4"В"5665"В"37"В"14112"
"34611"В"Replica"В"Volkswagen (VW1)"В"Replica Volkswagen (VW1) 8x18 5x120 ET 57 Dia 65,1 (FSF)"В"8"В"18"В"5"В"120"В"0"В"57"В"65,1"В"FSF"В"литой"В"4"В"4895"В"37"В"2004"
"152522"В"Replica"В"Volkswagen (VW1)"В"Replica Volkswagen (VW1) 8x18 5x120 ET 57 Dia 65,1 (FGMF)"В"8"В"18"В"5"В"120"В"0"В"57"В"65,1"В"FGMF"В"литой"В"12"В"4935"В"37"В"2004"
"35147"В"Replica"В"Volkswagen (VW14)"В"Replica Volkswagen (VW14) 6,5x16 5x112 ET 50 Dia 57,1 (хром)"В"6,5"В"16"В"5"В"112"В"0"В"50"В"57,1"В"хром"В"литой"В"4"В"5120"В"37"В"2722"
"21546"В"Replica"В"Volkswagen (VW19)"В"Replica Volkswagen (VW19) 7,5x17 5x112 ET 47 Dia 57,1 (GMF)"В"7,5"В"17"В"5"В"112"В"0"В"47"В"57,1"В"GMF"В"литой"В"8"В"4205"В"37"В"4569"
"21549"В"Replica"В"Volkswagen (VW19)"В"Replica Volkswagen (VW19) 7,5x17 5x112 ET 51 Dia 57,1 (GMF)"В"7,5"В"17"В"5"В"112"В"0"В"51"В"57,1"В"GMF"В"литой"В"8"В"4115"В"37"В"4569"
"35149"В"Replica"В"Volkswagen (VW21)"В"Replica Volkswagen (VW21) 8x18 5x120 ET 57 Dia 65,1 (silver)"В"8"В"18"В"5"В"120"В"0"В"57"В"65,1"В"silver"В"литой"В"4"В"5270"В"37"В"2717"
"181004"В"Replica"В"Volkswagen (VW24)"В"Replica Volkswagen (VW24) 7,5x17 5x130 ET 50 Dia 71,6 (MB)"В"7,5"В"17"В"5"В"130"В"0"В"50"В"71,6"В"MB"В"литой"В"4"В"4115"В"37"В"9923"
"136953"В"Replica"В"Volkswagen (VW25)"В"Replica Volkswagen (VW25) 7x16 5x112 ET 45 Dia 57,1 (белый)"В"7"В"16"В"5"В"112"В"0"В"45"В"57,1"В"белый"В"---"В"4"В"3380"В"37"В"7680"
"150038"В"Replica"В"Volkswagen (VW26)"В"Replica Volkswagen (VW26) 7x16 5x112 ET 45 Dia 57,1 (silver)"В"7"В"16"В"5"В"112"В"0"В"45"В"57,1"В"silver"В"литой"В"4"В"3380"В"37"В"14113"
"152042"В"Replica"В"Volkswagen (VW27)"В"Replica Volkswagen (VW27) 6,5x16 5x112 ET 33 Dia 57,1 (белый)"В"6,5"В"16"В"5"В"112"В"0"В"33"В"57,1"В"белый"В"---"В"4"В"3380"В"37"В"7682"
"21543"В"Replica"В"Volkswagen (VW27)"В"Replica Volkswagen (VW27) 7x18 5x112 ET 43 Dia 57,1 (SF)"В"7"В"18"В"5"В"112"В"0"В"43"В"57,1"В"SF"В"---"В"8"В"4805"В"37"В"7682"
"68928"В"Replica"В"Volkswagen (VW27)"В"Replica Volkswagen (VW27) 9x19 5x112 ET 33 Dia 57,1 (silver)"В"9"В"19"В"5"В"112"В"0"В"33"В"57,1"В"silver"В"---"В"4"В"6175"В"37"В"7682"
"141810"В"Replica"В"Volkswagen (VW28)"В"Replica Volkswagen (VW28) 6,5x16 5x112 ET 33 Dia 57,1 (белый)"В"6,5"В"16"В"5"В"112"В"0"В"33"В"57,1"В"белый"В"---"В"16"В"3250"В"37"В"7683"
"133546"В"Replica"В"Volkswagen (VW28)"В"Replica Volkswagen (VW28) 7x17 5x112 ET 43 Dia 57,1 (FGMF)"В"7"В"17"В"5"В"112"В"0"В"43"В"57,1"В"FGMF"В"---"В"8"В"4115"В"37"В"7683"
"174135"В"Replica"В"Volkswagen (VW32)"В"Replica Volkswagen (VW32) 7,5x17 5x130 ET 50 Dia 71,6 (GM)"В"7,5"В"17"В"5"В"130"В"0"В"50"В"71,6"В"GM"В"литой"В"4"В"4295"В"37"В"13068"
"174136"В"Replica"В"Volkswagen (VW32)"В"Replica Volkswagen (VW32) 7,5x17 5x130 ET 50 Dia 71,6 (MB)"В"7,5"В"17"В"5"В"130"В"0"В"50"В"71,6"В"MB"В"литой"В"4"В"4295"В"37"В"13068"
"163509"В"Replica"В"Volkswagen (VW33)"В"Replica Volkswagen (VW33) 6,5x16 5x112 ET 33 Dia 57,1 (MB)"В"6,5"В"16"В"5"В"112"В"0"В"33"В"57,1"В"MB"В"---"В"4"В"3250"В"37"В"7684"
"21535"В"Replica"В"Volkswagen (VW33)"В"Replica Volkswagen (VW33) 7x17 5x112 ET 43 Dia 57,1 (SF)"В"7"В"17"В"5"В"112"В"0"В"43"В"57,1"В"SF"В"---"В"4"В"4115"В"37"В"7684"
"143209"В"Replica"В"Volkswagen (VW33)"В"Replica Volkswagen (VW33) 7x17 5x112 ET 43 Dia 57,1 (MB)"В"7"В"17"В"5"В"112"В"0"В"43"В"57,1"В"MB"В"---"В"4"В"4115"В"37"В"7684"
"148644"В"Replica"В"Volkswagen (VW36)"В"Replica Volkswagen (VW36) 8x18 5x112 ET 41 Dia 57,1 (silver)"В"8"В"18"В"5"В"112"В"0"В"41"В"57,1"В"silver"В"литой"В"4"В"4845"В"37"В"14114"
"170700"В"Replica"В"Volkswagen (VW44)"В"Replica Volkswagen (VW44) 9x20 5x130 ET 59 Dia 71,6 (MBF)"В"9"В"20"В"5"В"130"В"0"В"59"В"71,6"В"MBF"В"литой"В"4"В"7675"В"37"В"17462"
"215002"В"Replica"В"Volkswagen (VW65)"В"Replica Volkswagen (VW65) 7x17 5x120 ET 55 Dia 65,1 (GM)"В"7"В"17"В"5"В"120"В"0"В"55"В"65,1"В"GM"В"литой"В"8"В"4345"В"37"В"19106"
"228335"В"Replica"В"Volkswagen (VW65)"В"Replica Volkswagen (VW65) 7x17 5x120 ET 55 Dia 65,1 (MB)"В"7"В"17"В"5"В"120"В"0"В"55"В"65,1"В"MB"В"литой"В"4"В"4345"В"37"В"19106"
"1000204031"В"Replica"В"Volvo (V10)"В"Replica Volvo (V10) 7,5x17 5x108 ET 49 Dia 67,1"В"7,5"В"17"В"5"В"108"В"0"В"49"В"67,1"ВВ"литой"В"4"В"4205"В"37"В"13066"
"70084"В"Replica"В"Volvo (V10)"В"Replica Volvo (V10) 7x18 5x108 ET 49 Dia 67,1 (silver)"В"7"В"18"В"5"В"108"В"0"В"49"В"67,1"В"silver"В"литой"В"8"В"4895"В"37"В"13066"
"70085"В"Replica"В"Volvo (V10)"В"Replica Volvo (V10) 9x20 5x108 ET 40 Dia 67,1 (silver)"В"9"В"20"В"5"В"108"В"0"В"40"В"67,1"В"silver"В"литой"В"4"В"6945"В"37"В"13066"
"21514"В"Replica"В"Volvo (V11)"В"Replica Volvo (V11) 7,5x17 5x108 ET 55 Dia 63,3 (HPB)"В"7,5"В"17"В"5"В"108"В"0"В"55"В"63,3"В"HPB"В"---"В"4"В"4205"В"37"В"7679"
"244376"В"Replica"В"Volvo (V11)"В"Replica Volvo (V11) 7,5x17 5x108 ET 55 Dia 63,3 (GM)"В"7,5"В"17"В"5"В"108"В"0"В"55"В"63,3"В"GM"В"---"В"4"В"4345"В"37"В"7679"
"70086"В"Replica"В"Volvo (V15)"В"Replica Volvo (V15) 7x17 5x108 ET 49 Dia 67,1 (silver)"В"7"В"17"В"5"В"108"В"0"В"49"В"67,1"В"silver"В"литой"В"4"В"4345"В"37"В"13067"
"150664"В"Replica"В"Volvo (V16)"В"Replica Volvo (V16) 7,5x17 5x108 ET 49 Dia 67,1 (FGMF)"В"7,5"В"17"В"5"В"108"В"0"В"49"В"67,1"В"FGMF"В"литой"В"20"В"4530"В"37"В"15859"
"21511"В"Replica"В"Volvo (V5)"В"Replica Volvo (V5) 7x17 5x108 ET 49 Dia 65,1 (GMF)"В"7"В"17"В"5"В"108"В"0"В"49"В"65,1"В"GMF"В"литой"В"1"В"4570"В"37"В"2725"
"20662"В"Replica"В"Volvo (V6)"В"Replica Volvo (V6) 6x15 5x108 ET 52,5 Dia 63,3 (silver)"В"6"В"15"В"5"В"108"В"0"В"52,5"В"63,3"В"silver"В"литой"В"4"В"2285"В"37"В"2728"
"21506"В"Replica"В"Volvo (V6)"В"Replica Volvo (V6) 6,5x16 5x108 ET 52,5 Dia 63,3 (хром)"В"6,5"В"16"В"5"В"108"В"0"В"52,5"В"63,3"В"хром"В"литой"В"4"В"5210"В"37"В"2728"
"21507"В"Replica"В"Volvo (V6)"В"Replica Volvo (V6) 6,5x16 5x108 ET 52,5 Dia 63,3 (silver)"В"6,5"В"16"В"5"В"108"В"0"В"52,5"В"63,3"В"silver"В"литой"В"8"В"3565"В"37"В"2728"
"134365"В"Replica"В"Volvo (V9)"В"Replica Volvo (V9) 7x16 5x108 ET 49 Dia 65,1 (GMF)"В"7"В"16"В"5"В"108"В"0"В"49"В"65,1"В"GMF"В"литой"В"16"В"3565"В"37"В"4951"
"35387"В"Replica"В"WSP BMW (W642) X5 Space"В"Replica WSP BMW (W642) X5 Space 10,5x20 5x120 ET 30 Dia 72,6 (silver)"В"10,5"В"20"В"5"В"120"В"0"В"30"В"72,6"В"silver"В"литой"В"4"В"6315"В"37"В"5147"
"1000201781"В"Replica"В"WSP Mazda (W1902) Hong-Kong"В"Replica WSP Mazda (W1902) Hong-Kong 6x15 5x114,3 ET 52,5 Dia 67,1"В"6"В"15"В"5"В"114,3"В"0"В"52,5"В"67,1"ВВ"литой"В"1"В"2620"В"37"В"5165"
"1000201249"В"Replica"В"WSP Mercedes (W731) AMG III Budapest"В"Replica WSP Mercedes (W731) AMG III Budapest 7x16 5x112 ET 35 Dia 66,6 (H/S)"В"7"В"16"В"5"В"112"В"0"В"35"В"66,6"В"H/S"В"литой"В"4"В"4265"В"37"В"5177"
"122943"В"Replica"В"WSP Mitsubishi (W3007)"В"Replica WSP Mitsubishi (W3007) 7x18 5x114,3 ET 38 Dia 67,1 (черный матовый)"В"7"В"18"В"5"В"114,3"В"0"В"38"В"67,1"В"черный матовый"В"литой"В"4"В"4835"В"37"В"12872"
"35709"В"Replica"В"WSP Porsche (W1006) Cayenne"В"Replica WSP Porsche (W1006) Cayenne 10x22 5x130 ET 50 Dia 71,6 (хром)"В"10"В"22"В"5"В"130"В"0"В"50"В"71,6"В"хром"В"литой"В"4"В"17480"В"37"В"5207"
"35718"В"Replica"В"WSP Skoda (W3501) Praga"В"Replica WSP Skoda (W3501) Praga 6,5x16 5x112 ET 50 Dia 57,1 (silver)"В"6,5"В"16"В"5"В"112"В"0"В"50"В"57,1"В"silver"В"литой"В"4"В"3545"В"37"В"8372"
"58893"В"Replica"В"WSP Toyota (W1508)"В"Replica WSP Toyota (W1508) 6,5x16 5x114,3 ET 45 Dia 60,1 (черный)"В"6,5"В"16"В"5"В"114,3"В"0"В"45"В"60,1"В"черный"В"литой"В"4"В"3665"В"37"В"11998"
"148154"В"Roner"В"RN0201"В"Roner RN0201 8x18 5x112 ET 39 Dia 66,6 (GM)"В"8"В"18"В"5"В"112"В"0"В"39"В"66,6"В"GM"В"литой"В"4"В"4470"В"355"В"16496"
"151471"В"Roner"В"RN0202"В"Roner RN0202 7x16 5x112 ET 42 Dia 66,6 (silver)"В"7"В"16"В"5"В"112"В"0"В"42"В"66,6"В"silver"В"литой"В"4"В"3130"В"355"В"16791"
"151513"В"Roner"В"RN0203"В"Roner RN0203 8x18 5x112 ET 39 Dia 66,6 (silver)"В"8"В"18"В"5"В"112"В"0"В"39"В"66,6"В"silver"В"литой"В"12"В"4470"В"355"В"16792"
"150758"В"Roner"В"RN0205"В"Roner RN0205 8x17 5x112 ET 39 Dia 66,6 (silver)"В"8"В"17"В"5"В"112"В"0"В"39"В"66,6"В"silver"В"литой"В"8"В"3860"В"355"В"16737"
"148169"В"Roner"В"RN1603"В"Roner RN1603 7x16 5x112 ET 38 Dia 66,6 (silver)"В"7"В"16"В"5"В"112"В"0"В"38"В"66,6"В"silver"В"литой"В"4"В"3290"В"355"В"16507"
"147496"В"Roner"В"RN2001"В"Roner RN2001 6,5x15 5x110 ET 37 Dia 65,1 (silver)"В"6,5"В"15"В"5"В"110"В"0"В"37"В"65,1"В"silver"В"литой"В"8"В"2580"В"355"В"16483"
"1000201899"В"Rozzi"В"Detention"В"Rozzi Detention 8x18 5x112/120 ET 42"В"8"В"18"В"5"В"112"В"120"В"42"В"0"ВВ"литой"В"3"В"8315"В"303"В"15159"
"1000201989"В"Rozzi"В"Gloss"В"Rozzi Gloss 8x18 5x112/120 ET 42 Dia 72,6"В"8"В"18"В"5"В"112"В"120"В"42"В"72,6"ВВ"литой"В"4"В"10690"В"303"В"15158"
"1000202015"В"Rozzi"В"Milany"В"Rozzi Milany 7,5x20 5x112/120 ET 38 Dia 73,1 (хром)"В"7,5"В"20"В"5"В"112"В"120"В"38"В"73,1"В"хром"В"литой"В"4"В"13705"В"303"В"15163"
"1000201992"В"Rozzi"В"Peel"В"Rozzi Peel 8x20 5x114,3/120 ET 42"В"8"В"20"В"5"В"114,3"В"120"В"42"В"0"ВВ"литой"В"3"В"13065"В"303"В"15157"
"1000203996"В"Rozzi"В"Peel"В"Rozzi Peel 8x20 5x114,3/120 ET 45 Dia 78,1 (хром)"В"8"В"20"В"5"В"114,3"В"120"В"45"В"78,1"В"хром"В"литой"В"4"В"14070"В"303"В"15157"
"1000202012"В"Rozzi"В"R-51"В"Rozzi R-51 9x22 5x115/120 ET 20 Dia 74,1 (хром)"В"9"В"22"В"5"В"115"В"120"В"20"В"74,1"В"хром"В"литой"В"4"В"18040"В"303"В"15165"
"1000203711"В"Rozzi"В"Switch"В"Rozzi Switch 8,5x20 5x114,3/120 ET 10"В"8,5"В"20"В"5"В"114,3"В"120"В"10"В"0"ВВ"литой"В"3"В"7675"В"303"В"15162"
"1000202712"В"Rozzi"В"Switch"В"Rozzi Switch 9x20 5x114,3/120,65 ET 10 Dia 120,65"В"9"В"20"В"5"В"114,3"В"120,65"В"10"В"120,65"ВВ"литой"В"1"В"5350"В"303"В"15162"
"1000204096"В"Ruff"В"R281"В"Ruff R281 9,5x18 5x112 ET 40 Dia 73 (BL)"В"9,5"В"18"В"5"В"112"В"0"В"40"В"73"В"BL"В"литой"В"4"В"5120"В"331"В"15971"
"1000202785"В"SRD"В"135"В"SRD 135 5,5x13 4x100 ET 35 Dia 67,1 (H/S)"В"5,5"В"13"В"4"В"100"В"0"В"35"В"67,1"В"H/S"В"литой"В"3"В"1665"В"85"В"2418"
"64205"В"SRD"В"140"В"SRD 140 7x17 5x120 ET 38 Dia 72,6 (HB)"В"7"В"17"В"5"В"120"В"0"В"38"В"72,6"В"HB"В"литой"В"4"В"5025"В"85"В"9125"
"41248"В"SRD"В"P867"В"SRD P867 8,5x18 5x120 ET 45 Dia 72,6"В"8,5"В"18"В"5"В"120"В"0"В"45"В"72,6"ВВ"литой"В"4"В"6995"В"85"В"9136"
"1000201828"В"SSW"В"008"В"SSW 008 6,5x15 5x114,3 ET 45 Dia 72,6 (H/S)"В"6,5"В"15"В"5"В"114,3"В"0"В"45"В"72,6"В"H/S"В"литой"В"4"В"2985"В"214"В"11464"
"1000201389"В"SSW"В"018"В"SSW 018 8x18 5x114,3 ET 40 Dia 66,1 (GM)"В"8"В"18"В"5"В"114,3"В"0"В"40"В"66,1"В"GM"В"литой"В"4"В"5880"В"214"В"11745"
"1000201244"В"SSW"В"057"В"SSW 057 7x16 5x100 ET 45 Dia 72,6 (H/S)"В"7"В"16"В"5"В"100"В"0"В"45"В"72,6"В"H/S"В"литой"В"4"В"3475"В"214"В"11472"
"1000204729"В"SSW"В"S015"В"SSW S015 6x15 4x100 ET 45 Dia 56,6"В"6"В"15"В"4"В"100"В"0"В"45"В"56,6"ВВ"литой"В"4"В"1435"В"214"В"15180"
"1000202508"В"Status"В"Vice S222"В"Status Vice S222 7,5x17 5x112/114,3 ET 42"В"7,5"В"17"В"5"В"112"В"114,3"В"42"В"0"ВВ"литой"В"3"В"8315"В"312"В"15319"
"1000202539"В"Status"В"Vice S222"В"Status Vice S222 8,5x20 5x112/120 ET 35 Dia 73"В"8,5"В"20"В"5"В"112"В"120"В"35"В"73"ВВ"литой"В"4"В"10690"В"312"В"15319"
"1000204728"В"Sword"В"S007"В"Sword S007 5,5x14 4x100 ET 46 Dia 54,1"В"5,5"В"14"В"4"В"100"В"0"В"46"В"54,1"ВВ"стальной"В"4"В"1190"В"413"В"20069"
"1000201789"В"TIS"В"09"В"TIS 09 8,5x20 5x114,3 ET 45 Dia 71 (хром)"В"8,5"В"20"В"5"В"114,3"В"0"В"45"В"71"В"хром"В"литой"В"1"В"20730"В"194"В"10536"
"1000201799"В"TIS"В"10"В"TIS 10 9,5x22 5x120 ET 38"В"9,5"В"22"В"5"В"120"В"0"В"38"В"0"ВВ"литой"В"1"В"27795"В"194"В"10537"
"1000201450"В"TSW"В"Cat"В"TSW Cat 7x18 5x100 ET 42 (хром)"В"7"В"18"В"5"В"100"В"0"В"42"В"0"В"хром"В"литой"В"4"В"9980"В"285"В"14800"
"1000203445"В"TSW"В"Duke"В"TSW Duke 9,5x19 5x120 ET 32 (G)"В"9,5"В"19"В"5"В"120"В"0"В"32"В"0"В"G"В"литой"В"4"В"9505"В"285"В"17664"
"1000201467"В"TSW"В"Estoril"В"TSW Estoril 8x19 5x120 ET 40 Dia 76 (хром)"В"8"В"19"В"5"В"120"В"0"В"40"В"76"В"хром"В"литой"В"4"В"9980"В"285"В"14797"
"1000201456"В"TSW"В"Jarama"В"TSW Jarama 8x17 5x112 ET 45 (BL)"В"8"В"17"В"5"В"112"В"0"В"45"В"0"В"BL"В"литой"В"4"В"7725"В"285"В"14795"
"1000201464"В"TSW"В"Jarama"В"TSW Jarama 8x18 5x120 ET 20 (BL)"В"8"В"18"В"5"В"120"В"0"В"20"В"0"В"BL"В"литой"В"2"В"9980"В"285"В"14795"
"1000201469"В"TSW"В"Jarama"В"TSW Jarama 9,5x18 5x120 ET 45 (BL)"В"9,5"В"18"В"5"В"120"В"0"В"45"В"0"В"BL"В"литой"В"2"В"9980"В"285"В"14795"
"1000201461"В"TSW"В"Mondello"В"TSW Mondello 8x18 5x100 ET 35 (хром)"В"8"В"18"В"5"В"100"В"0"В"35"В"0"В"хром"В"литой"В"4"В"9980"В"285"В"14798"
"1000201434"В"TSW"В"Montage"В"TSW Montage 10x20 5x130 ET 50 Dia 71,6 (BL)"В"10"В"20"В"5"В"130"В"0"В"50"В"71,6"В"BL"В"литой"В"4"В"13065"В"285"В"14799"
"1000202239"В"Team Dynamics"В"Diablo"В"Team Dynamics Diablo 7x15 4x100 ET 35 Dia 73 (HP Silver)"В"7"В"15"В"4"В"100"В"0"В"35"В"73"В"HP Silver"В"литой"В"4"В"3900"В"297"В"14993"
"1000202174"В"Team Dynamics"В"Diablo"В"Team Dynamics Diablo 7,5x17 4x100/108 ET 37 Dia 73 (HP Silver)"В"7,5"В"17"В"4"В"100"В"108"В"37"В"73"В"HP Silver"В"литой"В"4"В"4805"В"297"В"14993"
"1000202184"В"Team Dynamics"В"Diablo"В"Team Dynamics Diablo 7,5x18 5x112 ET 37 Dia 73 (HP Silver)"В"7,5"В"18"В"5"В"112"В"0"В"37"В"73"В"HP Silver"В"литой"В"4"В"4440"В"297"В"14993"
"1000201738"В"Team Dynamics"В"Diablo"В"Team Dynamics Diablo 8,5x18 4x108 ET 35 Dia 73,1"В"8,5"В"18"В"4"В"108"В"0"В"35"В"73,1"ВВ"литой"В"4"В"4660"В"297"В"14993"
"1000202195"В"Team Dynamics"В"Diablo"В"Team Dynamics Diablo 8,5x19 5x112 ET 15 Dia 73 (HP Silver)"В"8,5"В"19"В"5"В"112"В"0"В"15"В"73"В"HP Silver"В"литой"В"2"В"4135"В"297"В"14993"
"1000202216"В"Team Dynamics"В"Diablo"В"Team Dynamics Diablo 9,5x19 5x112 ET 40 Dia 73,1 (HP Silver)"В"9,5"В"19"В"5"В"112"В"0"В"40"В"73,1"В"HP Silver"В"литой"В"2"В"5320"В"297"В"14993"
"1000201760"В"Team Dynamics"В"Drifz"В"Team Dynamics Drifz 9x17 5x112 ET 35 Dia 73,1"В"9"В"17"В"5"В"112"В"0"В"35"В"73,1"ВВ"литой"В"4"В"4440"В"297"В"14997"
"1000201740"В"Team Dynamics"В"Drifz"В"Team Dynamics Drifz 8,5x18 5x112 ET 35 Dia 73,1"В"8,5"В"18"В"5"В"112"В"0"В"35"В"73,1"ВВ"литой"В"4"В"5575"В"297"В"14997"
"1000202227"В"Team Dynamics"В"Eiger"В"Team Dynamics Eiger 9x18 5x120 ET 42 Dia 72,6 (HP Silver)"В"9"В"18"В"5"В"120"В"0"В"42"В"72,6"В"HP Silver"В"литой"В"2"В"6050"В"297"В"14989"
"1000202175"В"Team Dynamics"В"Equinox"В"Team Dynamics Equinox 7,5x17 4x108 ET 37 Dia 73,1 (HP Silver)"В"7,5"В"17"В"4"В"108"В"0"В"37"В"73,1"В"HP Silver"В"литой"В"8"В"7525"В"297"В"14987"
"1000202176"В"Team Dynamics"В"Equinox"В"Team Dynamics Equinox 7,5x17 5x110 ET 37 Dia 73,1 (HP Silver)"В"7,5"В"17"В"5"В"110"В"0"В"37"В"73,1"В"HP Silver"В"литой"В"4"В"7015"В"297"В"14987"
"1000201685"В"Team Dynamics"В"Equinox"В"Team Dynamics Equinox 7,5x17 5x112 ET 37 Dia 73,1"В"7,5"В"17"В"5"В"112"В"0"В"37"В"73,1"ВВ"литой"В"4"В"8305"В"297"В"14987"
"1000201756"В"Team Dynamics"В"Equinox"В"Team Dynamics Equinox 9,5x22 5x120 ET 40 Dia 72,6"В"9,5"В"22"В"5"В"120"В"0"В"40"В"72,6"ВВ"литой"В"3"В"16240"В"297"В"14987"
"1000202029"В"Team Dynamics"В"Fusion"В"Team Dynamics Fusion 6,5x15 4x100/108 ET 38 Dia 73,1 (silver)"В"6,5"В"15"В"4"В"100"В"108"В"38"В"73,1"В"silver"В"литой"В"4"В"2450"В"297"В"15007"
"1000201700"В"Team Dynamics"В"IS200"В"Team Dynamics IS200 7,5x18 5x114,3 ET 48 Dia 60"В"7,5"В"18"В"5"В"114,3"В"0"В"48"В"60"ВВ"литой"В"4"В"6215"В"297"В"15013"
"1000202196"В"Team Dynamics"В"Jade R"В"Team Dynamics Jade R 8,5x19 5x114,3 ET 38 Dia 60,1 (HP Silver)"В"8,5"В"19"В"5"В"114,3"В"0"В"38"В"60,1"В"HP Silver"В"литой"В"4"В"8165"В"297"В"14991"
"1000202263"В"Team Dynamics"В"Jet"В"Team Dynamics Jet 6,5x15 4x100/114,3 ET 45 Dia 73,1 (HP Silver)"В"6,5"В"15"В"4"В"100"В"114,3"В"45"В"73,1"В"HP Silver"В"литой"В"1"В"3150"В"297"В"14994"
"1000201961"В"Team Dynamics"В"Jet"В"Team Dynamics Jet 7x17 5x108/110 ET 45 Dia 73,1"В"7"В"17"В"5"В"108"В"110"В"45"В"73,1"ВВ"литой"В"3"В"4845"В"297"В"14994"
"1000202187"В"Team Dynamics"В"Jordan"В"Team Dynamics Jordan 7x17 4x100 ET 38 Dia 73,1 (HP Silver)"В"7"В"17"В"4"В"100"В"0"В"38"В"73,1"В"HP Silver"В"литой"В"1"В"4410"В"297"В"14992"
"1000201739"В"Team Dynamics"В"Jordan"В"Team Dynamics Jordan 8,5x18 5x100 ET 35 Dia 73,1 (хром)"В"8,5"В"18"В"5"В"100"В"0"В"35"В"73,1"В"хром"В"литой"В"4"В"6550"В"297"В"14992"
"1000202192"В"Team Dynamics"В"Monza"В"Team Dynamics Monza 7x17 5x112 ET 38 Dia 73 (HP Silver)"В"7"В"17"В"5"В"112"В"0"В"38"В"73"В"HP Silver"В"литой"В"4"В"4410"В"297"В"14996"
"1000202193"В"Team Dynamics"В"Monza"В"Team Dynamics Monza 7x17 5x120 ET 38 Dia 74 (HP Silver)"В"7"В"17"В"5"В"120"В"0"В"38"В"74"В"HP Silver"В"литой"В"4"В"4410"В"297"В"14996"
"1000202016"В"Team Dynamics"В"Nitro"В"Team Dynamics Nitro 7x15 5x108/112 ET 38 Dia 73,1 (silver)"В"7"В"15"В"5"В"108"В"112"В"38"В"73,1"В"silver"В"литой"В"4"В"2855"В"297"В"15002"
"1000202186"В"Team Dynamics"В"Omega"В"Team Dynamics Omega 7x17 4x100/114,3 ET 38 Dia 73 (HP Silver)"В"7"В"17"В"4"В"100"В"114,3"В"38"В"73"В"HP Silver"В"литой"В"3"В"3840"В"297"В"15001"
"1000202189"В"Team Dynamics"В"Omega"В"Team Dynamics Omega 7x17 5x100/114,3 ET 38 Dia 73 (HP Silver)"В"7"В"17"В"5"В"100"В"114,3"В"38"В"73"В"HP Silver"В"литой"В"1"В"3840"В"297"В"15001"
"1000202183"В"Team Dynamics"В"Omega"В"Team Dynamics Omega 7,5x18 5x112/115 ET 37 Dia 73 (HP Silver)"В"7,5"В"18"В"5"В"112"В"115"В"37"В"73"В"HP Silver"В"литой"В"4"В"3465"В"297"В"15001"
"1000201706"В"Team Dynamics"В"Pro Race 1"В"Team Dynamics Pro Race 1 7x15 4x100 ET 35 Dia 60 (белый)"В"7"В"15"В"4"В"100"В"0"В"35"В"60"В"белый"В"литой"В"4"В"5455"В"297"В"15009"
"1000202241"В"Team Dynamics"В"Pro Race 1"В"Team Dynamics Pro Race 1 7x15 4x108 ET 23 Dia 65 (HP Silver)"В"7"В"15"В"4"В"108"В"0"В"23"В"65"В"HP Silver"В"литой"В"4"В"4795"В"297"В"15009"
"1000201736"В"Team Dynamics"В"Pro Race 1"В"Team Dynamics Pro Race 1 7x17 5x114,3 ET 50 Dia 73,1"В"7"В"17"В"5"В"114,3"В"0"В"50"В"73,1"ВВ"литой"В"4"В"5870"В"297"В"15009"
"1000201705"В"Team Dynamics"В"Pro Race 1.2"В"Team Dynamics Pro Race 1.2 7x15 4x100 ET 40 Dia 56,1"В"7"В"15"В"4"В"100"В"0"В"40"В"56,1"ВВ"литой"В"4"В"4855"В"297"В"14990"
"1000201710"В"Team Dynamics"В"Pro Race 1.2"В"Team Dynamics Pro Race 1.2 7x15 4x100 ET 35 Dia 73,1"В"7"В"15"В"4"В"100"В"0"В"35"В"73,1"ВВ"литой"В"4"В"4855"В"297"В"14990"
"1000202244"В"Team Dynamics"В"Pro Race 1.2"В"Team Dynamics Pro Race 1.2 7x16 5x108 ET 45 Dia 73,1 (GI Black)"В"7"В"16"В"5"В"108"В"0"В"45"В"73,1"В"GI Black"В"литой"В"8"В"6295"В"297"В"14990"
"1000201726"В"Team Dynamics"В"Pro Race 1.2"В"Team Dynamics Pro Race 1.2 7x17 4x114,3 ET 40 Dia 73,1 (silver)"В"7"В"17"В"4"В"114,3"В"0"В"40"В"73,1"В"silver"В"литой"В"4"В"5820"В"297"В"14990"
"1000201687"В"Team Dynamics"В"Pro Race 1.2"В"Team Dynamics Pro Race 1.2 7,5x17 5x114,3 ET 37 Dia 73,1 (белый)"В"7,5"В"17"В"5"В"114,3"В"0"В"37"В"73,1"В"белый"В"литой"В"4"В"7015"В"297"В"14990"
"1000201745"В"Team Dynamics"В"Pro Race 1.2"В"Team Dynamics Pro Race 1.2 8x17 5x114,3 ET 38 Dia 73,1"В"8"В"17"В"5"В"114,3"В"0"В"38"В"73,1"ВВ"литой"В"4"В"7250"В"297"В"14990"
"1000201749"В"Team Dynamics"В"Pro Race 1.2"В"Team Dynamics Pro Race 1.2 8x18 5x120 ET 20 Dia 72,6 (белый)"В"8"В"18"В"5"В"120"В"0"В"20"В"72,6"В"белый"В"литой"В"4"В"7250"В"297"В"14990"
"1000202214"В"Team Dynamics"В"Pro Race 1.2"В"Team Dynamics Pro Race 1.2 8x18 5x120 ET 15 Dia 74,1 (GI Black)"В"8"В"18"В"5"В"120"В"0"В"15"В"74,1"В"GI Black"В"литой"В"2"В"7250"В"297"В"14990"
"1000202215"В"Team Dynamics"В"Pro Race 1.2"В"Team Dynamics Pro Race 1.2 8x18 5x120 ET 15 Dia 74,1 (HP Silver)"В"8"В"18"В"5"В"120"В"0"В"15"В"74,1"В"HP Silver"В"литой"В"2"В"7250"В"297"В"14990"
"1000202228"В"Team Dynamics"В"Pro Race 1.2"В"Team Dynamics Pro Race 1.2 9x18 5x120 ET 20 Dia 74,1 (GI Black)"В"9"В"18"В"5"В"120"В"0"В"20"В"74,1"В"GI Black"В"литой"В"2"В"7250"В"297"В"14990"
"1000202229"В"Team Dynamics"В"Pro Race 1.2"В"Team Dynamics Pro Race 1.2 9x18 5x120 ET 20 Dia 74,1 (HP Silver)"В"9"В"18"В"5"В"120"В"0"В"20"В"74,1"В"HP Silver"В"литой"В"2"В"7250"В"297"В"14990"
"1000201759"В"Team Dynamics"В"Pro Race 1.3"В"Team Dynamics Pro Race 1.3 9x17 5x100 ET 45 Dia 73,1 (белый)"В"9"В"17"В"5"В"100"В"0"В"45"В"73,1"В"белый"В"литой"В"4"В"7075"В"297"В"15012"
"1000202240"В"Team Dynamics"В"Pro Race 2"В"Team Dynamics Pro Race 2 7x15 4x100 ET 38 Dia 73 (HP Silver)"В"7"В"15"В"4"В"100"В"0"В"38"В"73"В"HP Silver"В"литой"В"4"В"4385"В"297"В"14998"
"1000201715"В"Team Dynamics"В"Pro Race 2"В"Team Dynamics Pro Race 2 7x15 5x114,3 ET 35 Dia 73,1"В"7"В"15"В"5"В"114,3"В"0"В"35"В"73,1"ВВ"литой"В"4"В"3900"В"297"В"14998"
"1000202707"В"Team Dynamics"В"Pro Race 2"В"Team Dynamics Pro Race 2 7x17 5x100/114,3 ET 37 Dia 73 (белый)"В"7"В"17"В"5"В"100"В"114,3"В"37"В"73"В"белый"В"литой"В"1"В"7015"В"297"В"14998"
"1000202163"В"Team Dynamics"В"Pro Race 2"В"Team Dynamics Pro Race 2 7x17 5x100/114,3 ET 45 Dia 73 (белый)"В"7"В"17"В"5"В"100"В"114,3"В"45"В"73"В"белый"В"литой"В"2"В"10875"В"297"В"14998"
"1000201731"В"Team Dynamics"В"Pro Race 2"В"Team Dynamics Pro Race 2 7x17 5x100 ET 38 Dia 73,1"В"7"В"17"В"5"В"100"В"0"В"38"В"73,1"ВВ"литой"В"4"В"6580"В"297"В"14998"
"1000202181"В"Team Dynamics"В"Pro Race 2"В"Team Dynamics Pro Race 2 7,5x18 5x100 ET 45 Dia 56 (HP Silver)"В"7,5"В"18"В"5"В"100"В"0"В"45"В"56"В"HP Silver"В"литой"В"4"В"6415"В"297"В"14998"
"1000201713"В"Team Dynamics"В"Pro Rally 1"В"Team Dynamics Pro Rally 1 7x15 4x98 ET 35 Dia 73,1"В"7"В"15"В"4"В"98"В"0"В"35"В"73,1"ВВ"литой"В"4"В"5250"В"297"В"15008"
"1000202213"В"Team Dynamics"В"RVR II"В"Team Dynamics RVR II 8x18 5x120 ET 40 Dia 73 (HP Silver)"В"8"В"18"В"5"В"120"В"0"В"40"В"73"В"HP Silver"В"литой"В"4"В"5390"В"297"В"14988"
"1000202179"В"Team Dynamics"В"Rim Fire 5"В"Team Dynamics Rim Fire 5 7,5x17 5x130 ET 50 Dia 84,1 (HP Silver)"В"7,5"В"17"В"5"В"130"В"0"В"50"В"84,1"В"HP Silver"В"литой"В"4"В"5390"В"297"В"14986"
"1000202232"В"Team Dynamics"В"Rim Fire 5"В"Team Dynamics Rim Fire 5 9x20 5x114,3 ET 10 Dia 73,1 (HP Silver)"В"9"В"20"В"5"В"114,3"В"0"В"10"В"73,1"В"HP Silver"В"литой"В"4"В"8955"В"297"В"14986"
"1000203931"В"Team Dynamics"В"Rim Fire 5"В"Team Dynamics Rim Fire 5 9x20 5x120 ET 40 Dia 72,6 (хром)"В"9"В"20"В"5"В"120"В"0"В"40"В"72,6"В"хром"В"литой"В"1"В"9735"В"297"В"14986"
"1000201768"В"Team Dynamics"В"Rim Fire 5"В"Team Dynamics Rim Fire 5 9x20 5x130 ET 40 Dia 71,6 (хром)"В"9"В"20"В"5"В"130"В"0"В"40"В"71,6"В"хром"В"литой"В"3"В"11450"В"297"В"14986"
"1000202233"В"Team Dynamics"В"Rim Fire 5"В"Team Dynamics Rim Fire 5 9x20 5x130 ET 40 Dia 71,6 (HP Silver)"В"9"В"20"В"5"В"130"В"0"В"40"В"71,6"В"HP Silver"В"литой"В"4"В"7430"В"297"В"14986"
"1000202217"В"Team Dynamics"В"Rim Fire 5"В"Team Dynamics Rim Fire 5 9,5x22 5x112 ET 0 Dia 66,6 (HP Silver)"В"9,5"В"22"В"5"В"112"В"0"В"0"В"66,6"В"HP Silver"В"литой"В"3"В"10130"В"297"В"14986"
"1000202221"В"Team Dynamics"В"Rim Fire 5"В"Team Dynamics Rim Fire 5 9,5x22 5x120 ET 40 Dia 72,6 (HP Silver)"В"9,5"В"22"В"5"В"120"В"0"В"40"В"72,6"В"HP Silver"В"литой"В"5"В"10130"В"297"В"14986"
"1000202185"В"Team Dynamics"В"Speed 10"В"Team Dynamics Speed 10 7,5x18 5x112 ET 37 Dia 73 (HP Silver)"В"7,5"В"18"В"5"В"112"В"0"В"37"В"73"В"HP Silver"В"литой"В"4"В"4855"В"297"В"15005"
"1000204093"В"Urban Racing"В"F-108"В"Urban Racing F-108 7x18 5x100 ET 40"В"7"В"18"В"5"В"100"В"0"В"40"В"0"ВВ"литой"В"4"В"5760"В"313"В"21127"
"1000202507"В"Urban Racing"В"Type 6"В"Urban Racing Type 6 7,5x17 5x100/114,3 ET 42 Dia 72,6"В"7,5"В"17"В"5"В"100"В"114,3"В"42"В"72,6"ВВ"литой"В"7"В"5350"В"313"В"15320"
"1000204703"В"Urban Racing"В"Type 8"В"Urban Racing Type 8 7x17 5x100/114,3 ET 42"В"7"В"17"В"5"В"100"В"114,3"В"42"В"0"ВВ"литой"В"8"В"5350"В"313"В"15324"
"1000202515"В"Urban Racing"В"Type 9"В"Urban Racing Type 9 7,5x18 5x100/114,3 ET 42 Dia 72,6"В"7,5"В"18"В"5"В"100"В"114,3"В"42"В"72,6"ВВ"литой"В"4"В"5800"В"313"В"15321"
"1000202683"В"Verde"В"Arctic"В"Verde Arctic 9,5x22 5x114,3/120 ET 35 Dia 74,1 (BL CH)"В"9,5"В"22"В"5"В"114,3"В"120"В"35"В"74,1"В"BL CH"В"литой"В"4"В"12275"В"304"В"15167"
"1000202733"В"Verde"В"Black Ice"В"Verde Black Ice 8,5x20 14x220 ET 38 Dia 72,61 (CH BL)"В"8,5"В"20"В"14"В"220"В"0"В"38"В"72,61"В"CH BL"В"литой"В"4"В"13095"В"304"В"15240"
"1000202738"В"Verde"В"Black Widow"В"Verde Black Widow 8,5x22 14x220 ET 18 Dia 74,1 (HG BL CH)"В"8,5"В"22"В"14"В"220"В"0"В"18"В"74,1"В"HG BL CH"В"литой"В"4"В"17215"В"304"В"15238"
"1000202208"В"Verde"В"Black Widow"В"Verde Black Widow 8,5x22 5x114,3/120 ET 38 Dia 74,1 (HG BL CH)"В"8,5"В"22"В"5"В"114,3"В"120"В"38"В"74,1"В"HG BL CH"В"литой"В"16"В"10965"В"304"В"15238"
"1000202734"В"Verde"В"Crossfade"В"Verde Crossfade 8,5x20 14x220 ET 15 Dia 74,1 (BL CH)"В"8,5"В"20"В"14"В"220"В"0"В"15"В"74,1"В"BL CH"В"литой"В"8"В"13595"В"304"В"15168"
"1000202672"В"Verde"В"Crossfade"В"Verde Crossfade 8,5x20 5x108/114,3 ET 38 Dia 74,1 (BL CH)"В"8,5"В"20"В"5"В"108"В"114,3"В"38"В"74,1"В"BL CH"В"литой"В"4"В"13595"В"304"В"15168"
"1000202166"В"Verde"В"Crossfade"В"Verde Crossfade 8,5x20 5x114,3/120 ET 38 Dia 74,1 (BL CH)"В"8,5"В"20"В"5"В"114,3"В"120"В"38"В"74,1"В"BL CH"В"литой"В"4"В"13595"В"304"В"15168"
"1000202171"В"Verde"В"Crossfade"В"Verde Crossfade 9,5x22 5x114,3/120 ET 35 Dia 74,1 (BL CH)"В"9,5"В"22"В"5"В"114,3"В"120"В"35"В"74,1"В"BL CH"В"литой"В"4"В"17215"В"304"В"15168"
"1000203393"В"Verde"В"Envisio"В"Verde Envisio 8,5x20 5x110 ET 5 Dia 65,1 (BL CH)"В"8,5"В"20"В"5"В"110"В"0"В"5"В"65,1"В"BL CH"В"литой"В"1"В"13595"В"304"В"15166"
"1000202674"В"Verde"В"Envisio"В"Verde Envisio 8,5x20 5x114,3 ET 5 Dia 74,1 (BL CH)"В"8,5"В"20"В"5"В"114,3"В"0"В"5"В"74,1"В"BL CH"В"литой"В"3"В"13595"В"304"В"15166"
"1000202682"В"Verde"В"Marauder"В"Verde Marauder 8,5x22 6x139,7/108,1 ET 18 Dia 108,1 (BL CH)"В"8,5"В"22"В"6"В"139,7"В"108,1"В"18"В"108,1"В"BL CH"В"литой"В"12"В"11880"В"304"В"15174"
"1000202685"В"Verde"В"Vanguard"В"Verde Vanguard 9,5x22 5x150/110 ET 35 (CH BL)"В"9,5"В"22"В"5"В"150"В"110"В"35"В"0"В"CH BL"В"литой"В"12"В"9135"В"304"В"15173"
"1000202687"В"Verde"В"Vanguard"В"Verde Vanguard 9,5x22 6x139,7/108,1 ET 30 Dia 108,1 (CH BL)"В"9,5"В"22"В"6"В"139,7"В"108,1"В"30"В"108,1"В"CH BL"В"литой"В"16"В"9135"В"304"В"15173"
"1000202735"В"Verde"В"Vantage"В"Verde Vantage 8,5x20 14x220 ET 15 Dia 74,1 (CH BL)"В"8,5"В"20"В"14"В"220"В"0"В"15"В"74,1"В"CH BL"В"литой"В"4"В"11450"В"304"В"15169"
"1000202737"В"Verde"В"Vantage"В"Verde Vantage 8,5x20 14x220 ET 38 Dia 74,1 (CH BL)"В"8,5"В"20"В"14"В"220"В"0"В"38"В"74,1"В"CH BL"В"литой"В"8"В"11450"В"304"В"15169"
"1000202673"В"Verde"В"Vantage"В"Verde Vantage 8,5x20 5x112/114,3 ET 38 Dia 74,1 (CH BL)"В"8,5"В"20"В"5"В"112"В"114,3"В"38"В"74,1"В"CH BL"В"литой"В"4"В"9805"В"304"В"15169"
"1000202165"В"Verde"В"Vantage"В"Verde Vantage 8,5x20 5x114,3/120,65 ET 38 Dia 74,1 (CH BL)"В"8,5"В"20"В"5"В"114,3"В"120,65"В"38"В"74,1"В"CH BL"В"литой"В"11"В"9135"В"304"В"15169"
"1000202220"В"Verde"В"Vantage"В"Verde Vantage 9,5x22 5x114,3/120 ET 35 Dia 74,1 (CH BL)"В"9,5"В"22"В"5"В"114,3"В"120"В"35"В"74,1"В"CH BL"В"литой"В"4"В"14740"В"304"В"15169"
"1000202686"В"Verde"В"Vantage"В"Verde Vantage 9,5x22 6x139,7/108,1 ET 18 Dia 108,1 (CH BL)"В"9,5"В"22"В"6"В"139,7"В"108,1"В"18"В"108,1"В"CH BL"В"литой"В"4"В"11880"В"304"В"15169"
"1000202358"В"Verde"В"Vortex"В"Verde Vortex 9,5x22 6x139,7/108,1 ET 18 Dia 108,1 (хром)"В"9,5"В"22"В"6"В"139,7"В"108,1"В"18"В"108,1"В"хром"В"литой"В"4"В"9135"В"304"В"15171"
"1000203993"В"Victor"В"Lemans"В"Victor Lemans 11x19 5x130 ET 52 Dia 78,1 (хром)"В"11"В"19"В"5"В"130"В"0"В"52"В"78,1"В"хром"В"литой"В"4"В"7675"В"309"В"15308"
"1000202487"В"Victor"В"Lemans"В"Victor Lemans 10x22 5x130 ET 50"В"10"В"22"В"5"В"130"В"0"В"50"В"0"ВВ"литой"В"4"В"17815"В"309"В"15308"
"1000202490"В"Victor"В"Turismo"В"Victor Turismo 11x20 5x130 ET 55 Dia 71,6 (BL)"В"11"В"20"В"5"В"130"В"0"В"55"В"71,6"В"BL"В"литой"В"4"В"15350"В"309"В"15309"
"1000202488"В"WTW"В"805"В"WTW 805 10x24 6x135/139,7 ET 30 Dia 100,6 (BR)"В"10"В"24"В"6"В"135"В"139,7"В"30"В"100,6"В"BR"В"литой"В"8"В"22840"В"306"В"15292"
"1000204045"В"WTW"В"Barcelona"В"WTW Barcelona 10x24 6x139,7 ET 30 Dia 78,1 (MB)"В"10"В"24"В"6"В"139,7"В"0"В"30"В"78,1"В"MB"В"литой"В"4"В"18270"В"306"В"15270"
"1000202471"В"WTW"В"Malibu"В"WTW Malibu 9x22 5x114,3 ET 35 (красный)"В"9"В"22"В"5"В"114,3"В"0"В"35"В"0"В"красный"В"кованный"В"4"В"45675"В"306"В"15268"
"62182"В"Wiger"В"WG3002"В"Wiger WG3002 6,5x16 5x120 ET 51 Dia 65,1 (silver)"В"6,5"В"16"В"5"В"120"В"0"В"51"В"65,1"В"silver"В"литой"В"2"В"2865"В"222"В"12078"
"140247"В"iFree"В"Кальвадос"В"iFree Кальвадос 7x16 5x114,3 ET 34 Dia 67,1 (айс)"В"7"В"16"В"5"В"114,3"В"0"В"34"В"67,1"В"айс"В"литой"В"1"В"2430"В"290"В"15124"
"140248"В"iFree"В"Кальвадос"В"iFree Кальвадос 7x16 5x114,3 ET 34 Dia 67,1 (либерия)"В"7"В"16"В"5"В"114,3"В"0"В"34"В"67,1"В"либерия"В"литой"В"3"В"2430"В"290"В"15124"
"148638"В"iFree"В"Кальвадос"В"iFree Кальвадос 7x16 5x120 ET 34 Dia 72,6 (хай вэй)"В"7"В"16"В"5"В"120"В"0"В"34"В"72,6"В"хай вэй"В"литой"В"4"В"2430"В"290"В"15124"
"137280"В"iFree"В"Майями"В"iFree Майями 5,5x14 4x98 ET 38 Dia 58,5 (айс)"В"5,5"В"14"В"4"В"98"В"0"В"38"В"58,5"В"айс"В"литой"В"1"В"1685"В"290"В"14645"
"139115"В"iFree"В"Майями"В"iFree Майями 5,5x14 4x98 ET 38 Dia 58,5 (нео-классик)"В"5,5"В"14"В"4"В"98"В"0"В"38"В"58,5"В"нео-классик"В"литой"В"8"В"1625"В"290"В"14645"
"137301"В"iFree"В"Нирвана"В"iFree Нирвана 6,5x15 5x105 ET 35 Dia 56,6 (нео-классик)"В"6,5"В"15"В"5"В"105"В"0"В"35"В"56,6"В"нео-классик"В"литой"В"8"В"2145"В"290"В"14646"
"139762"В"iFree"В"Нирвана"В"iFree Нирвана 6,5x15 5x105 ET 35 Dia 56,6 (хай вэй)"В"6,5"В"15"В"5"В"105"В"0"В"35"В"56,6"В"хай вэй"В"литой"В"4"В"2145"В"290"В"14646"
"137304"В"iFree"В"Нирвана"В"iFree Нирвана 6,5x15 5x108 ET 40 Dia 67,1 (хай вэй)"В"6,5"В"15"В"5"В"108"В"0"В"40"В"67,1"В"хай вэй"В"литой"В"2"В"2325"В"290"В"14646"
"137306"В"iFree"В"Нирвана"В"iFree Нирвана 6,5x15 5x108 ET 50 Dia 67,1 (хай вэй)"В"6,5"В"15"В"5"В"108"В"0"В"50"В"67,1"В"хай вэй"В"литой"В"2"В"2065"В"290"В"14646"
"137307"В"iFree"В"Нирвана"В"iFree Нирвана 6,5x15 5x110 ET 35 Dia 65,1 (айс)"В"6,5"В"15"В"5"В"110"В"0"В"35"В"65,1"В"айс"В"литой"В"4"В"2145"В"290"В"14646"
"137308"В"iFree"В"Нирвана"В"iFree Нирвана 6,5x15 5x110 ET 35 Dia 65,1 (хай вэй)"В"6,5"В"15"В"5"В"110"В"0"В"35"В"65,1"В"хай вэй"В"литой"В"4"В"2145"В"290"В"14646"
"137262"В"iFree"В"Стерлинг"В"iFree Стерлинг 5x13 4x98 ET 30 Dia 58,5 (айс)"В"5"В"13"В"4"В"98"В"0"В"30"В"58,5"В"айс"В"литой"В"2"В"1485"В"290"В"14649"
"139090"В"iFree"В"Стерлинг"В"iFree Стерлинг 5x13 4x98 ET 30 Dia 58,5 (хай вэй)"В"5"В"13"В"4"В"98"В"0"В"30"В"58,5"В"хай вэй"В"литой"В"8"В"1625"В"290"В"14649"
"139091"В"iFree"В"Стерлинг"В"iFree Стерлинг 5x13 4x98 ET 35 Dia 58,5 (хай вэй)"В"5"В"13"В"4"В"98"В"0"В"35"В"58,5"В"хай вэй"В"литой"В"8"В"1625"В"290"В"14649"
"170720"В"iFree"В"Тортуга"В"iFree Тортуга 7x17 5x105 ET 38 Dia 56,6 (хай вэй)"В"7"В"17"В"5"В"105"В"0"В"38"В"56,6"В"хай вэй"В"литой"В"4"В"3220"В"290"В"17332"
"164630"В"iFree"В"Тортуга"В"iFree Тортуга 7x17 5x112 ET 35 Dia 66,6 (айс)"В"7"В"17"В"5"В"112"В"0"В"35"В"66,6"В"айс"В"литой"В"4"В"3220"В"290"В"17332"
"193252"В"iFree"В"Тортуга"В"iFree Тортуга 7x17 5x112 ET 45 Dia 66,6 (хай вэй)"В"7"В"17"В"5"В"112"В"0"В"45"В"66,6"В"хай вэй"В"литой"В"8"В"3220"В"290"В"17332"
"34263"В"КиК"В"Авион"В"КиК Авион 5,5x14 4x100 ET 43 Dia 67,1 (черная платина)"В"5,5"В"14"В"4"В"100"В"0"В"43"В"67,1"В"черная платина"В"литой"В"1"В"2020"В"32"В"7"
"37458"В"КиК"В"Авион"В"КиК Авион 5,5x14 4x108 ET 43 Dia 67,1 (черная платина)"В"5,5"В"14"В"4"В"108"В"0"В"43"В"67,1"В"черная платина"В"литой"В"2"В"2020"В"32"В"7"
"34279"В"КиК"В"Авион"В"КиК Авион 5,5x14 4x114,3 ET 43 Dia 67,1 (черная платина)"В"5,5"В"14"В"4"В"114,3"В"0"В"43"В"67,1"В"черная платина"В"литой"В"2"В"2020"В"32"В"7"
"45519"В"КиК"В"Аккорд"В"КиК Аккорд 6,5x16 5x114,3 ET 55 Dia 64,1"В"6,5"В"16"В"5"В"114,3"В"0"В"55"В"64,1"ВВ"литой"В"4"В"2975"В"32"В"5"
"37942"В"КиК"В"Алыкель"В"КиК Алыкель 8x17 5x130 ET 55 Dia 71,6 (черная платина)"В"8"В"17"В"5"В"130"В"0"В"55"В"71,6"В"черная платина"В"---"В"4"В"4295"В"32"В"9976"
"34423"В"КиК"В"Алыкель"В"КиК Алыкель 8x17 5x139,7 ET 38 Dia 95,3 (черная платина)"В"8"В"17"В"5"В"139,7"В"0"В"38"В"95,3"В"черная платина"В"---"В"8"В"4590"В"32"В"9976"
"127664"В"КиК"В"Антей"В"КиК Антей 5,5x13 4x98 ET 35 Dia 58,1"В"5,5"В"13"В"4"В"98"В"0"В"35"В"58,1"ВВ"литой"В"2"В"1910"В"32"В"2175"
"1000204552"В"КиК"В"Ариэль"В"КиК Ариэль 5,5x13 4x100 ET 38 Dia 67,1"В"5,5"В"13"В"4"В"100"В"0"В"38"В"67,1"ВВ"литой"В"4"В"1555"В"32"В"2"
"1000204596"В"КиК"В"Артэк"В"КиК Артэк 6x14 4x108 ET 38 Dia 72,6"В"6"В"14"В"4"В"108"В"0"В"38"В"72,6"ВВ"литой"В"4"В"1920"В"32"В"22923"
"1000202825"В"КиК"В"Гамма"В"КиК Гамма 5,5x13 4x100 ET 30 Dia 67,1"В"5,5"В"13"В"4"В"100"В"0"В"30"В"67,1"ВВ"литой"В"4"В"1555"В"32"В"56"
"38010"В"КиК"В"Дракон"В"КиК Дракон 7x15 5x100 ET 38 Dia 67,1"В"7"В"15"В"5"В"100"В"0"В"38"В"67,1"ВВ"литой"В"4"В"2380"В"32"В"41"
"47681"В"КиК"В"Канкан"В"КиК Канкан 5,5x13 4x100 ET 30 Dia 67,1"В"5,5"В"13"В"4"В"100"В"0"В"30"В"67,1"ВВ"литой"В"4"В"1555"В"32"В"151"
"1000202836"В"КиК"В"Ореол"В"КиК Ореол 6,5x15 5x112 ET 38 Dia 67,1"В"6,5"В"15"В"5"В"112"В"0"В"38"В"67,1"ВВ"литой"В"2"В"2380"В"32"В"15"
"1000202835"В"КиК"В"Пума"В"КиК Пума 6,5x15 5x110 ET 39 Dia 67,1"В"6,5"В"15"В"5"В"110"В"0"В"39"В"67,1"ВВ"литой"В"4"В"2380"В"32"В"134"
"1000202834"В"КиК"В"Софтлайн"В"КиК Софтлайн 6,5x15 4x108 ET 38 Dia 67,1"В"6,5"В"15"В"4"В"108"В"0"В"38"В"67,1"ВВ"литой"В"2"В"2380"В"32"В"2192"
"114371"В"КиК"В"Стрела"В"КиК Стрела 5,5x14 4x100 ET 40 Dia 67,1"В"5,5"В"14"В"4"В"100"В"0"В"40"В"67,1"ВВ"литой"В"3"В"1910"В"32"В"60"
"116355"В"КиК"В"Титан-Тех (КС536)"В"КиК Титан-Тех (КС536) 6,5x15 5x139,7 ET 40 Dia 98 (серебро)"В"6,5"В"15"В"5"В"139,7"В"0"В"40"В"98"В"серебро"В"литой"В"4"В"2335"В"32"В"43"
"1000202833"В"КиК"В"Флагман"В"КиК Флагман 6,5x15 4x100 ET 42 Dia 67,1"В"6,5"В"15"В"4"В"100"В"0"В"42"В"67,1"ВВ"литой"В"4"В"2500"В"32"В"145"
"1000202832"В"КиК"В"Форвард-Форс"В"КиК Форвард-Форс 6,5x15 4x100 ET 38 Dia 67,1"В"6,5"В"15"В"4"В"100"В"0"В"38"В"67,1"ВВ"литой"В"3"В"2380"В"32"В"49"
"37587"В"КиК"В"Эврика"В"КиК Эврика 5,5x14 4x98 ET 37 Dia 58,6"В"5,5"В"14"В"4"В"98"В"0"В"37"В"58,6"ВВ"литой"В"4"В"2020"В"32"В"47"
"1000201584"В"Кременчуг"В"Chevrolet Aveo"В"Кременчуг Chevrolet Aveo 5,5x13 4x100 ET 45 Dia 56,6"В"5,5"В"13"В"4"В"100"В"0"В"45"В"56,6"ВВ"стальной"В"5"В"1005"В"70"В"8339"
"201637"В"Кременчуг"В"Ford"В"Кременчуг Ford 6x15 5x108 ET 52,5 Dia 63,3"В"6"В"15"В"5"В"108"В"0"В"52,5"В"63,3"ВВ"стальной"В"4"В"1495"В"70"В"18788"
"45898"В"Кременчуг"В"ГАЗ 3110"В"Кременчуг ГАЗ 3110 6,5x15 5x108 ET 45 Dia 58"В"6,5"В"15"В"5"В"108"В"0"В"45"В"58"ВВ"стальной"В"2"В"945"В"70"В"3323"
"150479"В"Прома"В"FM"В"Прома FM 6,5x15 5x100 ET 38 Dia 57,1 (платина)"В"6,5"В"15"В"5"В"100"В"0"В"38"В"57,1"В"платина"В"литой"В"4"В"2700"В"63"В"13935"
"1000204529"В"Прома"В"RS"В"Прома RS 6,5x16 4x100 ET 48 Dia 54,1 (платина)"В"6,5"В"16"В"4"В"100"В"0"В"48"В"54,1"В"платина"В"литой"В"4"В"3435"В"63"В"11788"
"1000203472"В"Прома"В"RS"В"Прома RS 6,5x16 4x114,3 ET 46 Dia 67,1"В"6,5"В"16"В"4"В"114,3"В"0"В"46"В"67,1"ВВ"литой"В"4"В"3435"В"63"В"11788"
"196648"В"Прома"В"RS2"В"Прома RS2 6,5x15 4x114,3 ET 46 Dia 67,1"В"6,5"В"15"В"4"В"114,3"В"0"В"46"В"67,1"ВВ"литой"В"4"В"2885"В"63"В"11787"
"1000203203"В"Прома"В"Гефест"В"Прома Гефест 7x16 5x130 ET 45 Dia 80,1"В"7"В"16"В"5"В"130"В"0"В"45"В"80,1"ВВ"литой"В"8"В"3395"В"63"В"13936"
"1000204696"В"Прома"В"Гефест"В"Прома Гефест 7x16 6x139,7 ET 50 Dia 92,5"В"7"В"16"В"6"В"139,7"В"0"В"50"В"92,5"ВВ"литой"В"8"В"3340"В"63"В"13936"
"1000203304"В"Прома"В"Двина"В"Прома Двина 7x16 6x139,7/109,7 ET 0 Dia 109,7 (платина)"В"7"В"16"В"6"В"139,7"В"109,7"В"0"В"109,7"В"платина"В"литой"В"4"В"3525"В"63"В"13937"
"1000203205"В"Прома"В"Двина"В"Прома Двина 7x16 6x139,7/109,7 ET 10 Dia 109,7 (платина)"В"7"В"16"В"6"В"139,7"В"109,7"В"10"В"109,7"В"платина"В"литой"В"4"В"3455"В"63"В"13937"
"257833"В"Прома"В"Димос"В"Прома Димос 6x15 4x100 ET 48 Dia 54,1 (платина)"В"6"В"15"В"4"В"100"В"0"В"48"В"54,1"В"платина"В"литой"В"12"В"2885"В"63"В"5692"
"167181"В"Прома"В"Каньон"В"Прома Каньон 7x16 5x112 ET 50 Dia 66,6 (платина)"В"7"В"16"В"5"В"112"В"0"В"50"В"66,6"В"платина"В"литой"В"4"В"3525"В"63"В"11790"
"191844"В"Прома"В"Каньон"В"Прома Каньон 7x16 5x114,3 ET 38 Dia 67,1 (платина)"В"7"В"16"В"5"В"114,3"В"0"В"38"В"67,1"В"платина"В"литой"В"5"В"3525"В"63"В"11790"
"1000203665"В"Прома"В"Каньон"В"Прома Каньон 7x16 5x120 ET 50 Dia 65,1"В"7"В"16"В"5"В"120"В"0"В"50"В"65,1"ВВ"литой"В"4"В"3525"В"63"В"11790"
"126366"В"Прома"В"Каньон"В"Прома Каньон 7x16 5x130 ET 43 Dia 84,1 (платина)"В"7"В"16"В"5"В"130"В"0"В"43"В"84,1"В"платина"В"литой"В"4"В"3455"В"63"В"11790"
"196659"В"Прома"В"Колизей"В"Прома Колизей 5,5x14 4x100 ET 46 Dia 54,1"В"5,5"В"14"В"4"В"100"В"0"В"46"В"54,1"ВВ"литой"В"4"В"2285"В"63"В"13356"
"1000203631"В"Прома"В"Нива"В"Прома Нива 6,5x15 5x139,7 ET 35 Dia 98,1 (серебро)"В"6,5"В"15"В"5"В"139,7"В"0"В"35"В"98,1"В"серебро"В"литой"В"8"В"2520"В"63"В"18662"
"257835"В"Прома"В"Оберон"В"Прома Оберон 6,5x15 4x100 ET 48 Dia 54,1 (платина)"В"6,5"В"15"В"4"В"100"В"0"В"48"В"54,1"В"платина"В"литой"В"4"В"2885"В"63"В"19833"
"1000204401"В"Прома"В"Оберон"В"Прома Оберон 6,5x15 5x112 ET 47 Dia 57,1"В"6,5"В"15"В"5"В"112"В"0"В"47"В"57,1"ВВ"литой"В"4"В"2885"В"63"В"19833"
"150504"В"Прома"В"Премьер М"В"Прома Премьер М 7x16 5x114,3 ET 38 Dia 67,1 (платина)"В"7"В"16"В"5"В"114,3"В"0"В"38"В"67,1"В"платина"В"литой"В"4"В"3435"В"63"В"13940"
"167201"В"Прома"В"Премьер М"В"Прома Премьер М 7x16 5x114,3 ET 38 Dia 71,6 (платина)"В"7"В"16"В"5"В"114,3"В"0"В"38"В"71,6"В"платина"В"литой"В"4"В"3435"В"63"В"13940"
"1000204530"В"Прома"В"Премьер М"В"Прома Премьер М 7x16 5x120 ET 50 Dia 65,1 (платина)"В"7"В"16"В"5"В"120"В"0"В"50"В"65,1"В"платина"В"литой"В"4"В"3435"В"63"В"13940"
"1000204449"В"Прома"В"Триал"В"Прома Триал 7x16 6x130 ET 55 Dia 84,1 (серебро)"В"7"В"16"В"6"В"130"В"0"В"55"В"84,1"В"серебро"В"литой"В"4"В"3525"В"63"В"22337"
"170759"В"Прома"В"Турбо"В"Прома Турбо 7x17 5x114,3 ET 41 Dia 67,1 (платина)"В"7"В"17"В"5"В"114,3"В"0"В"41"В"67,1"В"платина"В"литой"В"4"В"3930"В"63"В"11791"
"256365"В"Скад"В"Аллигатор"В"Скад Аллигатор 6x15 4x100 ET 48 Dia 54,1 (алмаз)"В"6"В"15"В"4"В"100"В"0"В"48"В"54,1"В"алмаз"В"литой"В"8"В"3110"В"38"В"12982"
"267114"В"Скад"В"Аллигатор"В"Скад Аллигатор 6x15 4x100 ET 48 Dia 54,1 (матовый алмаз)"В"6"В"15"В"4"В"100"В"0"В"48"В"54,1"В"матовый алмаз"В"литой"В"8"В"3200"В"38"В"12982"
"69340"В"Скад"В"Аллигатор"В"Скад Аллигатор 6x15 5x114,3 ET 45 Dia 67,1 (алмаз)"В"6"В"15"В"5"В"114,3"В"0"В"45"В"67,1"В"алмаз"В"литой"В"4"В"3110"В"38"В"12982"
"32017"В"Скад"В"Веритас"В"Скад Веритас 6,5x16 5x114,3 ET 45 Dia 67,1 (селена)"В"6,5"В"16"В"5"В"114,3"В"0"В"45"В"67,1"В"селена"В"литой"В"1"В"2560"В"38"В"2214"
"38039"В"Скад"В"Джокер"В"Скад Джокер 6x15 5x110 ET 38 Dia 65,1 (алмаз)"В"6"В"15"В"5"В"110"В"0"В"38"В"65,1"В"алмаз"В"литой"В"4"В"2430"В"38"В"9988"
"56458"В"Скад"В"Джокер"В"Скад Джокер 6x15 5x110 ET 38 Dia 65,1 (антрацит алмаз)"В"6"В"15"В"5"В"110"В"0"В"38"В"65,1"В"антрацит алмаз"В"литой"В"12"В"2430"В"38"В"9988"
"5872"В"Скад"В"Мицар"В"Скад Мицар 6,5x16 5x110 ET 38 Dia 65,1 (алмаз)"В"6,5"В"16"В"5"В"110"В"0"В"38"В"65,1"В"алмаз"В"литой"В"4"В"2745"В"38"В"495"
"75399"В"Скад"В"Орлан"В"Скад Орлан 5,5x14 4x98 ET 38 Dia 58,6 (алмаз)"В"5,5"В"14"В"4"В"98"В"0"В"38"В"58,6"В"алмаз"В"литой"В"4"В"1830"В"38"В"13041"
"39780"В"Скад"В"Пантера"В"Скад Пантера 5,5x14 4x98 ET 39 Dia 58,6 (алмаз)"В"5,5"В"14"В"4"В"98"В"0"В"39"В"58,6"В"алмаз"В"литой"В"4"В"1830"В"38"В"9937"
"37308"В"Скад"В"Пантера"В"Скад Пантера 6x15 4x100 ET 38 Dia 67,1 (алмаз)"В"6"В"15"В"4"В"100"В"0"В"38"В"67,1"В"алмаз"В"литой"В"4"В"2430"В"38"В"9937"
"37309"В"Скад"В"Пантера"В"Скад Пантера 6x15 4x100 ET 38 Dia 67,1 (селена)"В"6"В"15"В"4"В"100"В"0"В"38"В"67,1"В"селена"В"литой"В"4"В"2285"В"38"В"9937"
"46062"В"Скад"В"Пантера"В"Скад Пантера 6x15 4x100 ET 45 Dia 67,1"В"6"В"15"В"4"В"100"В"0"В"45"В"67,1"ВВ"литой"В"4"В"2335"В"38"В"9937"
"121076"В"Скад"В"Пионер"В"Скад Пионер 5,5x13 4x100 ET 35 Dia 67,1 (гальвано)"В"5,5"В"13"В"4"В"100"В"0"В"35"В"67,1"В"гальвано"В"литой"В"4"В"1605"В"38"В"13040"
"121306"В"Скад"В"Самурай"В"Скад Самурай 6x15 4x100 ET 38 Dia 67,1 (гальвано)"В"6"В"15"В"4"В"100"В"0"В"38"В"67,1"В"гальвано"В"литой"В"4"В"2380"В"38"В"9938"
"46086"В"Скад"В"Сириус"В"Скад Сириус 6x15 4x114,3 ET 45 Dia 67,1"В"6"В"15"В"4"В"114,3"В"0"В"45"В"67,1"ВВ"литой"В"1"В"2335"В"38"В"103"
"121281"В"Скад"В"Спайдер"В"Скад Спайдер 5,5x13 4x100 ET 35 Dia 67,1 (гальвано)"В"5,5"В"13"В"4"В"100"В"0"В"35"В"67,1"В"гальвано"В"литой"В"8"В"1605"В"38"В"11083"
"31869"В"Скад"В"Стар"В"Скад Стар 6x15 5x110 ET 38 Dia 65,1 (селена)"В"6"В"15"В"5"В"110"В"0"В"38"В"65,1"В"селена"В"литой"В"8"В"2285"В"38"В"7030"
"76971"В"Скад"В"Стар"В"Скад Стар 6x15 5x110 ET 38 Dia 65,1 (алмаз)"В"6"В"15"В"5"В"110"В"0"В"38"В"65,1"В"алмаз"В"литой"В"4"В"2430"В"38"В"7030"
"1000202323"В"Скад"В"Тритон"В"Скад Тритон 7x16 5x139,7/109,5 ET 20 Dia 109,5 (алмаз)"В"7"В"16"В"5"В"139,7"В"109,5"В"20"В"109,5"В"алмаз"В"литой"В"8"В"3890"В"38"В"105"
"131664"В"Скад"В"Фараон"В"Скад Фараон 6,5x16 5x105 ET 39 Dia 56,7 (гальвано)"В"6,5"В"16"В"5"В"105"В"0"В"39"В"56,7"В"гальвано"В"литой"В"3"В"2700"В"38"В"9941"
"1000201647"В"Смк"В"D13"В"Смк D13 6,5x15 4x98 ET 30 Dia 58,5"В"6,5"В"15"В"4"В"98"В"0"В"30"В"58,5"ВВ"литой"В"1"В"3810"В"98"В"6105"
"1000201661"В"Смк"В"D67"В"Смк D67 7x16 5x108 ET 52 Dia 63,3"В"7"В"16"В"5"В"108"В"0"В"52"В"63,3"ВВ"литой"В"3"В"4640"В"98"В"6113"
"1000201662"В"Смк"В"D84"В"Смк D84 7x16 5x108 ET 52 Dia 63,3"В"7"В"16"В"5"В"108"В"0"В"52"В"63,3"ВВ"литой"В"4"В"4640"В"98"В"6118"
"256284"В"Фмз"В"21E45C"В"Фмз 21E45C 4x12 4x114,3 ET 45 Dia 60,1"В"4"В"12"В"4"В"114,3"В"0"В"45"В"60,1"ВВ"стальной"В"4"В"995"В"47"В"16472"
"46144"В"Фмз"В"53A43C"В"Фмз 53A43C 5,5x14 4x100 ET 43 Dia 60,1"В"5,5"В"14"В"4"В"100"В"0"В"43"В"60,1"ВВ"стальной"В"2"В"965"В"47"В"3358"
"46148"В"Фмз"В"53C47G"В"Фмз 53C47G 5,5x14 4x108 ET 47 Dia 63,3"В"5,5"В"14"В"4"В"108"В"0"В"47"В"63,3"ВВ"стальной"В"1"В"1290"В"47"В"3365"
"46154"В"Фмз"В"64C49G"В"Фмз 64C49G 6x15 4x108 ET 49 Dia 63,3"В"6"В"15"В"4"В"108"В"0"В"49"В"63,3"ВВ"стальной"В"7"В"1665"В"47"В"3369"
"1000203212"В"Фмз"В"64E45H"В"Фмз 64E45H 6x15 4x114,3 ET 45 Dia 67,1"В"6"В"15"В"4"В"114,3"В"0"В"45"В"67,1"ВВ"стальной"В"1"В"1850"В"47"В"8075"
"1000203213"В"Фмз"В"64J45H"В"Фмз 64J45H 6x15 5x114,3 ET 45 Dia 67,1"В"6"В"15"В"5"В"114,3"В"0"В"45"В"67,1"ВВ"стальной"В"4"В"1850"В"47"В"3381"
